-53.44000000 -25.29000000 41.18500000
-56.74500000 -9.13500000 43.45000000
-56.74500000 9.13500000 43.45000000
-53.44000000 25.29000000 41.18500000
-53.44000000 -41.18500000 25.29000000
-62.18000000 -25.74500000 25.73500000
-66.06000000 -9.13500000 27.29000000
-66.06000000 9.13500000 27.29000000
-62.18000000 25.74500000 25.73500000
-53.44000000 41.18500000 25.29000000
-56.74500000 -43.45000000 9.13500000
-66.06000000 -27.29000000 9.13500000
-70.87000000 -9.20500000 9.19000000
-70.87000000 9.20500000 9.19000000
-66.06000000 27.29000000 9.13500000
-56.74500000 43.45000000 9.13500000
-56.74500000 -43.45000000 -9.13500000
-66.06000000 -27.29000000 -9.13500000
-70.87000000 -9.20500000 -9.19000000
-70.87000000 9.20500000 -9.19000000
-66.06000000 27.29000000 -9.13500000
-56.74500000 43.45000000 -9.13500000
-53.44000000 -41.18500000 -25.29000000
-62.18000000 -25.74500000 -25.73500000
-66.06000000 -9.13500000 -27.29000000
-66.06000000 9.13500000 -27.29000000
-62.18000000 25.74500000 -25.73500000
-53.44000000 41.18500000 -25.29000000
-53.44000000 -25.29000000 -41.18500000
-56.74500000 -9.13500000 -43.45000000
-56.74500000 9.13500000 -43.45000000
-53.44000000 25.29000000 -41.18500000
53.44000000 25.29000000 41.18500000
56.74500000 9.13500000 43.45000000
56.74500000 -9.13500000 43.45000000
53.44000000 -25.29000000 41.18500000
53.44000000 41.18500000 25.29000000
62.18000000 25.74500000 25.73500000
66.06000000 9.13500000 27.29000000
66.06000000 -9.13500000 27.29000000
62.18000000 -25.74500000 25.73500000
53.44000000 -41.18500000 25.29000000
56.74500000 43.45000000 9.13500000
66.06000000 27.29000000 9.13500000
70.87000000 9.20500000 9.19000000
70.87000000 -9.20500000 9.19000000
66.06000000 -27.29000000 9.13500000
56.74500000 -43.45000000 9.13500000
56.74500000 43.45000000 -9.13500000
66.06000000 27.29000000 -9.13500000
70.87000000 9.20500000 -9.19000000
70.87000000 -9.20500000 -9.19000000
66.06000000 -27.29000000 -9.13500000
56.74500000 -43.45000000 -9.13500000
53.44000000 41.18500000 -25.29000000
62.18000000 25.74500000 -25.73500000
66.06000000 9.13500000 -27.29000000
66.06000000 -9.13500000 -27.29000000
62.18000000 -25.74500000 -25.73500000
53.44000000 -41.18500000 -25.29000000
53.44000000 25.29000000 -41.18500000
56.74500000 9.13500000 -43.45000000
56.74500000 -9.13500000 -43.45000000
53.44000000 -25.29000000 -41.18500000
25.29000000 -53.44000000 41.18500000
9.13500000 -56.74500000 43.45000000
-9.13500000 -56.74500000 43.45000000
-25.29000000 -53.44000000 41.18500000
41.18500000 -53.44000000 25.29000000
25.74500000 -62.18000000 25.73500000
9.13500000 -66.06000000 27.29000000
-9.13500000 -66.06000000 27.29000000
-25.74500000 -62.18000000 25.73500000
-41.18500000 -53.44000000 25.29000000
43.45000000 -56.74500000 9.13500000
27.29000000 -66.06000000 9.13500000
9.20500000 -70.87000000 9.19000000
-9.20500000 -70.87000000 9.19000000
-27.29000000 -66.06000000 9.13500000
-43.45000000 -56.74500000 9.13500000
43.45000000 -56.74500000 -9.13500000
27.29000000 -66.06000000 -9.13500000
9.20500000 -70.87000000 -9.19000000
-9.20500000 -70.87000000 -9.19000000
-27.29000000 -66.06000000 -9.13500000
-43.45000000 -56.74500000 -9.13500000
41.18500000 -53.44000000 -25.29000000
25.74500000 -62.18000000 -25.73500000
9.13500000 -66.06000000 -27.29000000
-9.13500000 -66.06000000 -27.29000000
-25.74500000 -62.18000000 -25.73500000
-41.18500000 -53.44000000 -25.29000000
25.29000000 -53.44000000 -41.18500000
9.13500000 -56.74500000 -43.45000000
-9.13500000 -56.74500000 -43.45000000
-25.29000000 -53.44000000 -41.18500000
-25.29000000 53.44000000 41.18500000
-9.13500000 56.74500000 43.45000000
9.13500000 56.74500000 43.45000000
25.29000000 53.44000000 41.18500000
-41.18500000 53.44000000 25.29000000
-25.74500000 62.18000000 25.73500000
-9.13500000 66.06000000 27.29000000
9.13500000 66.06000000 27.29000000
25.74500000 62.18000000 25.73500000
41.18500000 53.44000000 25.29000000
-43.45000000 56.74500000 9.13500000
-27.29000000 66.06000000 9.13500000
-9.20500000 70.87000000 9.19000000
9.20500000 70.87000000 9.19000000
27.29000000 66.06000000 9.13500000
43.45000000 56.74500000 9.13500000
-43.45000000 56.74500000 -9.13500000
-27.29000000 66.06000000 -9.13500000
-9.20500000 70.87000000 -9.19000000
9.20500000 70.87000000 -9.19000000
27.29000000 66.06000000 -9.13500000
43.45000000 56.74500000 -9.13500000
-41.18500000 53.44000000 -25.29000000
-25.74500000 62.18000000 -25.73500000
-9.13500000 66.06000000 -27.29000000
9.13500000 66.06000000 -27.29000000
25.74500000 62.18000000 -25.73500000
41.18500000 53.44000000 -25.29000000
-25.29000000 53.44000000 -41.18500000
-9.13500000 56.74500000 -43.45000000
9.13500000 56.74500000 -43.45000000
25.29000000 53.44000000 -41.18500000
41.18500000 25.29000000 -53.44000000
43.45000000 9.13500000 -56.74500000
43.45000000 -9.13500000 -56.74500000
41.18500000 -25.29000000 -53.44000000
25.29000000 41.18500000 -53.44000000
25.73500000 25.74500000 -62.18000000
27.29000000 9.13500000 -66.06000000
27.29000000 -9.13500000 -66.06000000
25.73500000 -25.74500000 -62.18000000
25.29000000 -41.18500000 -53.44000000
9.13500000 43.45000000 -56.74500000
9.13500000 27.29000000 -66.06000000
9.19000000 9.20500000 -70.87000000
9.19000000 -9.20500000 -70.87000000
9.13500000 -27.29000000 -66.06000000
9.13500000 -43.45000000 -56.74500000
-9.13500000 43.45000000 -56.74500000
-9.13500000 27.29000000 -66.06000000
-9.19000000 9.20500000 -70.87000000
-9.19000000 -9.20500000 -70.87000000
-9.13500000 -27.29000000 -66.06000000
-9.13500000 -43.45000000 -56.74500000
-25.29000000 41.18500000 -53.44000000
-25.73500000 25.74500000 -62.18000000
-27.29000000 9.13500000 -66.06000000
-27.29000000 -9.13500000 -66.06000000
-25.73500000 -25.74500000 -62.18000000
-25.29000000 -41.18500000 -53.44000000
-41.18500000 25.29000000 -53.44000000
-43.45000000 9.13500000 -56.74500000
-43.45000000 -9.13500000 -56.74500000
-41.18500000 -25.29000000 -53.44000000
41.18500000 -25.29000000 53.44000000
43.45000000 -9.13500000 56.74500000
43.45000000 9.13500000 56.74500000
41.18500000 25.29000000 53.44000000
25.29000000 -41.18500000 53.44000000
25.73500000 -25.74500000 62.18000000
27.29000000 -9.13500000 66.06000000
27.29000000 9.13500000 66.06000000
25.73500000 25.74500000 62.18000000
25.29000000 41.18500000 53.44000000
9.13500000 -43.45000000 56.74500000
9.13500000 -27.29000000 66.06000000
9.19000000 -9.20500000 70.87000000
9.19000000 9.20500000 70.87000000
9.13500000 27.29000000 66.06000000
9.13500000 43.45000000 56.74500000
-9.13500000 -43.45000000 56.74500000
-9.13500000 -27.29000000 66.06000000
-9.19000000 -9.20500000 70.87000000
-9.19000000 9.20500000 70.87000000
-9.13500000 27.29000000 66.06000000
-9.13500000 43.45000000 56.74500000
-25.29000000 -41.18500000 53.44000000
-25.73500000 -25.74500000 62.18000000
-27.29000000 -9.13500000 66.06000000
-27.29000000 9.13500000 66.06000000
-25.73500000 25.74500000 62.18000000
-25.29000000 41.18500000 53.44000000
-41.18500000 -25.29000000 53.44000000
-43.45000000 -9.13500000 56.74500000
-43.45000000 9.13500000 56.74500000
-41.18500000 25.29000000 53.44000000
