EvtN	HitN	TrackID	Energy	DetID	Process	DOI	HP	Time
37	1	1	0	0	4	1	0	3.46643	
40	1	1	463.872	0	2	1	0	3.31902	
40	2	1	0	0	4	10	0	3.33002	
45	1	1	432.163	0	2	1	0	3.319	
45	2	1	229.837	0	1	1	0	3.34557	
57	1	1	32.823	0	2	10	0	3.31897	
57	2	1	0	0	4	10	0	3.33556	
68	1	1	0	0	4	10	0	3.31897	
71	1	1	335.732	0	2	10	0	3.319	
71	2	1	0	0	4	10	0	3.32594	
72	1	1	61.0616	0	1	10	0	4.08538	
76	1	1	0	0	4	1	0	3.31897	
79	1	1	225.867	0	2	10	0	3.31897	
79	2	1	0	0	4	10	0	3.33191	
91	1	1	0	0	4	10	0	3.319	
95	1	1	586.791	0	1	10	0	3.32374	
101	1	1	0	0	4	1	0	3.31901	
118	1	1	0	0	4	1	0	3.31903	
130	1	1	0	0	4	10	0	3.31899	
145	1	1	99.7073	0	2	1	0	3.31901	
145	2	1	0	0	4	1	0	3.34768	
147	1	1	0	0	4	1	0	3.31902	
148	1	1	81.3228	0	2	1	0	3.31898	
148	2	1	0	0	4	1	0	3.34203	
172	1	1	0	0	4	1	0	3.31902	
202	1	1	0	0	4	1	0	3.319	
226	1	1	475.669	0	2	10	0	3.31898	
226	2	1	186.33	0	1	10	0	3.32454	
227	1	1	0	0	4	1	0	3.319	
229	1	1	0	0	4	1	0	3.31899	
258	1	1	0	0	4	1	0	3.31897	
269	1	1	0	0	4	1	0	3.31899	
288	1	1	0	0	4	1	0	3.31897	
302	1	1	0	0	4	1	0	3.31901	
322	1	1	0	0	4	1	0	3.31899	
324	1	1	42.2656	0	2	10	0	3.31896	
324	2	1	0	0	4	10	0	3.33274	
332	1	1	662	0	1	1	0	3.319	
337	1	1	0	0	4	10	0	3.31902	
348	1	1	0	0	4	10	0	3.31899	
353	1	1	406.715	0	2	1	0	3.319	
353	2	1	0	0	4	10	0	3.33577	
356	1	1	202.382	0	2	1	0	3.31898	
356	2	1	0	0	4	10	0	3.3376	
361	1	1	287.296	0	2	1	0	3.31898	
361	2	1	374.704	0	1	10	0	3.32519	
364	1	1	383.797	0	2	1	0	3.31899	
364	2	1	0	0	4	10	0	3.3415	
380	1	1	468.611	0	2	1	0	3.31899	
380	2	1	51.0964	0	2	1	0	3.34894	
380	3	1	142.293	0	1	10	0	3.3504	
384	1	1	0	0	3	10	0	3.31897	
384	2	1	0	0	4	10	0	3.33356	
411	1	1	162.852	0	2	10	0	3.31899	
411	2	1	0	0	4	1	0	3.3298	
412	1	1	0	0	4	1	0	3.31902	
421	1	1	0	0	4	1	0	3.31901	
426	1	1	0	0	4	1	0	3.31899	
435	1	1	0	0	4	1	0	3.31897	
446	1	1	284.411	0	2	10	0	3.319	
446	2	1	0	0	4	10	0	3.32062	
501	1	1	0	0	4	1	0	3.31897	
525	1	1	0	0	4	1	0	3.31901	
531	1	1	0	0	4	1	0	3.31899	
537	1	1	107.018	0	2	10	0	3.319	
537	2	1	554.982	0	1	1	0	3.32187	
541	1	1	0	0	4	1	0	3.31897	
546	1	1	0	0	4	1	0	3.31898	
548	1	1	0	0	4	1	0	3.31899	
549	1	1	0	0	4	1	0	3.31899	
559	1	1	0	0	4	1	0	3.31899	
562	1	1	227.75	0	2	10	0	3.31901	
562	2	1	434.25	0	1	10	0	3.32282	
573	1	1	71.3944	0	1	1	0	3.86254	
577	1	1	0	0	4	1	0	3.31901	
592	1	1	0	0	4	10	0	3.31899	
617	1	1	0	0	4	1	0	3.31899	
631	1	1	0	0	4	10	0	3.31902	
646	1	1	206.945	0	1	1	0	3.48046	
663	1	1	452.647	0	2	10	0	3.31901	
663	2	1	209.353	0	1	10	0	3.32883	
665	1	1	199.438	0	1	1	0	3.45459	
692	1	1	0	0	4	1	0	3.31897	
701	1	1	0	0	4	1	0	3.31898	
707	1	1	0	0	4	1	0	3.31902	
724	1	1	662	0	1	1	0	3.31901	
734	1	1	228.025	0	2	1	0	3.31899	
734	2	1	0	0	4	10	0	3.3377	
736	1	1	36.2819	0	2	1	0	3.31899	
736	2	1	0	0	4	1	0	3.32511	
742	1	1	418.864	0	2	1	0	3.31898	
742	2	1	78.4094	0	2	1	0	3.33263	
742	3	1	164.727	0	1	1	0	3.33645	
764	1	1	455.29	0	2	10	0	3.31897	
764	2	1	0	0	4	10	0	3.32495	
766	1	1	0	0	4	1	0	3.31897	
771	1	1	214.358	0	2	1	0	3.31899	
771	2	1	272.698	0	2	1	0	3.34183	
771	3	1	0	0	4	1	0	3.34514	
784	1	1	0	0	4	10	0	3.319	
786	1	1	0	0	4	10	0	3.31898	
789	1	1	0	0	4	1	0	3.31898	
790	1	1	0	0	4	10	0	3.31897	
796	1	1	0	0	4	10	0	3.31901	
803	1	1	320.736	0	2	10	0	3.31899	
803	2	1	0	0	4	1	0	3.34364	
820	1	1	341.784	0	2	1	0	3.31897	
820	2	1	0	0	3	1	0	3.34469	
820	3	1	0	0	4	1	0	3.35192	
832	1	1	0	0	4	10	0	3.319	
840	1	1	434.242	0	2	1	0	3.319	
840	2	1	0	0	4	10	0	3.31936	
849	1	1	0	0	4	1	0	3.31901	
857	1	1	0	0	4	1	0	3.31902	
864	1	1	0	0	4	1	0	3.31898	
875	1	1	0	0	4	1	0	3.33164	
879	1	1	0	0	4	1	0	3.31897	
881	1	1	0	0	4	1	0	3.319	
894	1	1	0	0	4	1	0	3.319	
912	1	1	363.401	0	2	10	0	3.32748	
912	2	1	183.341	0	1	10	0	3.33846	
929	1	1	0	0	4	1	0	3.319	
934	1	1	199.292	0	1	1	0	3.52486	
947	1	1	0	0	4	1	0	3.31896	
964	1	1	0	0	4	1	0	3.31899	
966	1	1	0	0	4	10	0	3.319	
970	1	1	0	0	4	1	0	3.319	
981	1	1	0	0	4	1	0	3.31898	
988	1	1	0	0	4	1	0	3.319	
EvtN	HitN	TrackID	Energy	DetID	Process	DOI	HP	Time
37	1	1	0	0	4	1	0	3.46643	
40	1	1	463.872	0	2	1	0	3.31902	
40	2	1	0	0	4	10	0	3.33002	
45	1	1	432.163	0	2	1	0	3.319	
45	2	1	229.837	0	1	1	0	3.34557	
EvtN	HitN	TrackID	Energy	DetID	Process	DOI	HP	Time
20	1	1	0	0	4	1	0	3.33767	
29	1	1	0	0	4	1	0	3.32561	
31	1	1	0	0	4	10	0	3.32573	
52	1	1	32.823	0	2	10	0	3.31518	
52	2	1	0	0	4	1	0	3.32989	
77	1	1	0	0	4	10	0	3.32016	
81	1	1	0	0	4	1	0	3.3276	
84	1	1	0	0	4	1	0	3.31329	
89	1	1	0	0	4	1	0	3.31597	
105	1	1	0	0	4	1	0	3.33624	
118	1	1	0	0	4	10	0	3.32625	
119	1	1	0	0	4	1	0	3.31455	
126	1	1	0	0	4	1	0	3.33152	
140	1	1	0	0	4	1	0	3.31321	
141	1	1	0	0	4	1	0	3.32567	
169	1	1	0	0	4	1	0	3.32024	
170	1	1	0	0	4	10	0	3.32959	
176	1	1	0	0	4	1	0	3.33479	
188	1	1	0	0	4	1	0	3.33285	
191	1	1	0	0	4	1	0	3.33706	
198	1	1	475.669	0	2	10	0	3.31586	
198	2	1	186.33	0	1	10	0	3.31955	
199	1	1	0	0	4	1	0	3.32895	
203	1	1	193.849	0	2	10	0	3.31724	
203	2	1	0	0	4	1	0	3.31915	
204	1	1	0	0	4	1	0	3.33369	
224	1	1	0	0	4	1	0	3.33311	
229	1	1	662	0	1	1	0	3.32009	
239	1	1	0	0	4	10	0	3.31817	
246	1	1	0	0	4	1	0	3.32466	
251	1	1	0	0	4	10	0	3.33579	
252	1	1	0	0	4	1	0	3.34305	
254	1	1	201.739	0	2	10	0	3.31075	
254	2	1	0	0	4	10	0	3.31792	
260	1	1	0	0	4	1	0	3.32628	
262	1	1	0	0	4	1	0	3.33068	
268	1	1	0	0	4	10	0	3.32261	
276	1	1	0	0	4	10	0	4.06405	
280	1	1	0	0	4	1	0	3.31774	
286	1	1	0	0	4	1	0	3.31996	
287	1	1	42.2656	0	2	10	0	3.31176	
287	2	1	0	0	4	1	0	3.32367	
297	1	1	0	0	4	10	0	3.33462	
298	1	1	0	0	4	1	0	3.3154	
308	1	1	202.382	0	2	10	0	3.3195	
308	2	1	40.3024	0	2	1	0	3.33627	
308	3	1	0	0	4	1	0	3.35187	
310	1	1	0	0	4	10	0	3.32057	
329	1	1	0	0	4	1	0	3.51868	
332	1	1	0.530557	0	2	1	0	3.53122	
332	2	1	184.661	0	1	1	0	3.53364	
333	1	1	0	0	4	10	0	3.34351	
340	1	1	0	0	4	1	0	3.31972	
341	1	1	187.678	0	1	1	0	3.63721	
349	1	1	0	0	4	1	0	3.32152	
360	1	1	0	0	4	1	0	3.33545	
366	1	1	0	0	4	1	0	3.33435	
367	1	1	0	0	4	1	0	3.32731	
381	1	1	0	0	4	1	0	3.31136	
388	1	1	0	0	4	1	0	3.3225	
390	1	1	0	0	4	10	0	3.32406	
400	1	1	0	0	4	10	0	3.33849	
408	1	1	0	0	4	1	0	3.31824	
409	1	1	72.5448	0	2	10	0	3.33611	
409	2	1	0	0	4	1	0	3.34169	
414	1	1	0	0	4	1	0	3.32986	
415	1	1	0	0	4	10	0	3.32302	
425	1	1	0	0	4	1	0	3.33319	
426	1	1	30.1478	0	2	1	0	3.3213	
426	2	1	0	0	4	1	0	3.33363	
430	1	1	0	0	4	1	0	3.3196	
452	1	1	0	0	4	1	0	3.32586	
459	1	1	0	0	4	1	0	3.31324	
461	1	1	0	0	4	1	0	3.3238	
462	1	1	0	0	4	10	0	3.32613	
465	1	1	107.018	0	2	10	0	3.32399	
465	2	1	0	0	4	1	0	3.32502	
472	1	1	0	0	4	1	0	3.32016	
474	1	1	0	0	4	1	0	3.31778	
480	1	1	0	0	4	1	0	3.33463	
482	1	1	0	0	4	1	0	3.3231	
486	1	1	474.932	0	2	1	0	3.31702	
486	2	1	0	0	4	10	0	3.3396	
494	1	1	0	0	4	1	0	3.33521	
510	1	1	0	0	4	1	0	3.32398	
518	1	1	0	0	4	10	0	3.32458	
523	1	1	2.35315	0	2	10	0	3.32725	
523	2	1	0	0	4	1	0	3.32786	
536	1	1	0	0	4	1	0	3.32202	
540	1	1	0	0	4	10	0	3.33055	
546	1	1	0	0	4	1	0	3.3207	
553	1	1	320.122	0	2	1	0	3.31741	
553	2	1	133.274	0	2	1	0	3.33652	
553	3	1	0	0	4	10	0	3.34256	
561	1	1	283.412	0	2	1	0	3.32043	
561	2	1	0	0	4	1	0	3.32682	
569	1	1	464.075	0	2	10	0	3.32687	
569	2	1	0	0	4	10	0	3.33639	
574	1	1	0	0	4	1	0	3.33599	
578	1	1	0	0	4	1	0	3.33514	
587	1	1	0	0	4	10	0	3.32389	
589	1	1	0	0	4	1	0	3.3122	
591	1	1	662	0	1	10	0	3.33364	
595	1	1	0	0	4	10	0	3.33133	
597	1	1	181.631	0	2	1	0	3.31273	
597	2	1	0	0	4	1	0	3.34109	
598	1	1	0	0	4	10	0	3.33133	
598	2	1	0	0	4	10	0	3.54716	
602	1	1	0	0	4	10	0	3.32886	
621	1	1	0	0	4	1	0	3.33016	
622	1	1	0	0	4	1	0	3.32873	
624	1	1	0	0	4	1	0	3.33267	
632	1	1	0	0	4	10	0	3.33041	
633	1	1	0	0	4	1	0	3.32917	
634	1	1	0	0	4	10	0	3.32743	
639	1	1	36.2819	0	2	10	0	3.32165	
639	2	1	0	0	4	1	0	3.32588	
668	1	1	0	0	4	1	0	3.31737	
669	1	1	214.358	0	2	1	0	3.32371	
669	2	1	272.698	0	2	1	0	3.34468	
669	3	1	0	0	4	1	0	3.34799	
677	1	1	0	0	4	1	0	3.32776	
680	1	1	0	0	4	1	0	3.32999	
685	1	1	0	0	4	1	0	3.31608	
686	1	1	0	0	4	1	0	3.32829	
687	1	1	0	0	4	1	0	3.31795	
688	1	1	0	0	4	1	0	3.31641	
690	1	1	0	0	4	1	0	3.32598	
701	1	1	0	0	4	1	0	3.32526	
702	1	1	320.736	0	2	1	0	3.32328	
702	2	1	0	0	4	1	0	3.34609	
705	1	1	229.305	0	2	10	0	3.33056	
705	2	1	0	0	4	1	0	3.33096	
711	1	1	0	0	4	1	0	3.337	
721	1	1	0	0	4	1	0	3.31963	
728	1	1	0	0	4	1	0	3.31908	
730	1	1	34.5902	0	2	10	0	3.32425	
730	2	1	0	0	4	10	0	3.32604	
749	1	1	0	0	4	1	0	3.33188	
763	1	1	0	0	4	1	0	3.3174	
764	1	1	0	0	4	10	0	3.32628	
771	1	1	0	0	4	1	0	3.32349	
778	1	1	0	0	4	1	0	3.31767	
780	1	1	0	0	4	1	0	3.32289	
785	1	1	0	0	4	1	0	3.32392	
796	1	1	0	0	4	1	0	3.31165	
807	1	1	110.681	0	2	10	0	3.3182	
807	2	1	0	0	4	1	0	3.32156	
819	1	1	82.5528	0	2	10	0	3.31581	
819	2	1	0	0	4	10	0	3.32054	
830	1	1	0	0	4	1	0	3.32309	
842	1	1	0	0	4	10	0	3.33443	
845	1	1	0	0	4	1	0	3.33555	
860	1	1	0	0	4	1	0	3.3198	
869	1	1	0	0	4	1	0	3.3328	
870	1	1	0	0	4	1	0	3.31901	
882	1	1	0	0	4	1	0	3.32243	
889	1	1	0	0	4	10	0	3.32162	
894	1	1	0	0	4	1	0	3.31621	
895	1	1	0	0	4	1	0	3.34184	
912	1	1	0	0	4	1	0	3.32999	
913	1	1	0	0	4	1	0	3.32711	
918	1	1	0	0	4	1	0	3.32579	
921	1	1	0	0	4	1	0	3.33078	
934	1	1	9.30143	0	2	1	0	3.32764	
934	2	1	0	0	4	1	0	3.34106	
938	1	1	0	0	3	1	0	3.32797	
938	2	1	0	0	4	1	0	3.33276	
939	1	1	0	0	4	10	0	3.32923	
947	1	1	0	0	4	1	0	3.31238	
948	1	1	0	0	4	1	0	3.31851	
949	1	1	0	0	4	1	0	3.32978	
954	1	1	0	0	4	1	0	3.31919	
955	1	1	276.166	0	2	1	0	3.33058	
955	2	1	385.834	0	1	1	0	3.33504	
967	1	1	390.534	0	2	10	0	3.32741	
967	2	1	101.11	0	2	10	0	3.33909	
967	3	1	170.356	0	1	10	0	3.36503	
974	1	1	0	0	4	10	0	3.33741	
985	1	1	0	0	4	1	0	3.33599	
986	1	1	0	0	4	1	0	3.32747	
988	1	1	0	0	4	10	0	3.32739	
991	1	1	0	0	4	1	0	3.33259	
992	1	1	446.991	0	2	10	0	3.30863	
992	2	1	51.0884	0	2	10	0	3.31784	
992	3	1	0	0	4	10	0	3.32276	
994	1	1	0	0	4	1	0	3.32835	
