1.52911759437 0.785398163397
1.48736624018 0.83448554861
1.48736624018 0.736310778185
1.44546849563 0.785398163397
1.44546849563 0.883572933822
1.40334824758 0.932660319034
1.40334824758 0.83448554861
1.36092573453 0.883572933822
1.44546849563 0.687223392973
1.40334824758 0.736310778185
1.40334824758 0.63813600776
1.36092573453 0.687223392973
1.36092573453 0.785398163397
1.31811607165 0.83448554861
1.31811607165 0.736310778185
1.27482752344 0.785398163397
1.36092573453 0.981747704247
1.31811607165 1.03083508946
1.31811607165 0.932660319034
1.27482752344 0.981747704247
1.27482752344 1.07992247467
1.23095941734 1.12900985988
1.23095941734 1.03083508946
1.1863995523 1.07992247467
1.27482752344 0.883572933822
1.23095941734 0.932660319034
1.23095941734 0.83448554861
1.1863995523 0.883572933822
1.1863995523 0.981747704247
1.14102089549 1.03083508946
1.14102089549 0.932660319034
1.09467726588 0.981747704247
1.36092573453 0.589048622548
1.31811607165 0.63813600776
1.31811607165 0.539961237336
1.27482752344 0.589048622548
1.27482752344 0.687223392973
1.23095941734 0.736310778185
1.23095941734 0.63813600776
1.1863995523 0.687223392973
1.27482752344 0.490873852123
1.23095941734 0.539961237336
1.23095941734 0.441786466911
1.1863995523 0.490873852123
1.1863995523 0.589048622548
1.14102089549 0.63813600776
1.14102089549 0.539961237336
1.09467726588 0.589048622548
1.1863995523 0.785398163397
1.14102089549 0.83448554861
1.14102089549 0.736310778185
1.09467726588 0.785398163397
1.09467726588 0.883572933822
1.0471975512 0.932660319034
1.0471975512 0.83448554861
0.998377754702 0.883572933822
1.09467726588 0.687223392973
1.0471975512 0.736310778185
1.0471975512 0.63813600776
0.998377754702 0.687223392973
0.998377754702 0.785398163397
0.947969741383 0.83448554861
0.947969741383 0.736310778185
0.895664793858 0.785398163397
1.1863995523 1.1780972451
1.14102089549 1.22718463031
1.14102089549 1.12900985988
1.09467726588 1.1780972451
1.09467726588 1.27627201552
1.0471975512 1.32535940073
1.0471975512 1.22718463031
0.998377754702 1.27627201552
1.09467726588 1.07992247467
1.0471975512 1.12900985988
1.0471975512 1.03083508946
0.998377754702 1.07992247467
0.998377754702 1.1780972451
0.947969741383 1.22718463031
0.947969741383 1.12900985988
0.895664793858 1.1780972451
0.998377754702 1.37444678595
0.947969741383 1.42353417116
0.947969741383 1.32535940073
0.895664793858 1.37444678595
0.895664793858 1.47262155637
0.841068670568 1.52170894158
0.841068670568 1.42353417116
0.785504974922 1.51843644924
0.895664793858 1.27627201552
0.841068670568 1.32535940073
0.841068670568 1.22718463031
0.785504974922 1.308996939
0.785504974922 1.41371669412
0.730573744897 1.51469645798
0.730573744897 1.40249672035
0.676213734772 1.51038108346
0.998377754702 0.981747704247
0.947969741383 1.03083508946
0.947969741383 0.932660319034
0.895664793858 0.981747704247
0.895664793858 1.07992247467
0.841068670568 1.12900985988
0.841068670568 1.03083508946
0.785504974922 1.09955742876
0.895664793858 0.883572933822
0.841068670568 0.932660319034
0.841068670568 0.83448554861
0.785504974922 0.890117918517
0.785504974922 0.994837673637
0.730573744897 1.06589750747
0.730573744897 0.95369776984
0.676213734772 1.02705913675
0.785504974922 1.20427718388
0.730573744897 1.29029698272
0.730573744897 1.1780972451
0.676213734772 1.2687201101
0.676213734772 1.38955059678
0.622368488555 1.50534647985
0.622368488555 1.37444678595
0.568985651952 1.49939649376
0.676213734772 1.14788962343
0.622368488555 1.24354709205
0.622368488555 1.11264739815
0.568985651952 1.21379716161
0.568985651952 1.35659682769
0.516016387355 1.49225651046
0.516016387355 1.33517687778
0.463414871834 1.4835298642
1.1863995523 0.392699081699
1.14102089549 0.441786466911
1.14102089549 0.343611696486
1.09467726588 0.392699081699
1.09467726588 0.490873852123
1.0471975512 0.539961237336
1.0471975512 0.441786466911
0.998377754702 0.490873852123
1.09467726588 0.294524311274
1.0471975512 0.343611696486
1.0471975512 0.245436926062
0.998377754702 0.294524311274
0.998377754702 0.392699081699
0.947969741383 0.441786466911
0.947969741383 0.343611696486
0.895664793858 0.392699081699
0.998377754702 0.589048622548
0.947969741383 0.63813600776
0.947969741383 0.539961237336
0.895664793858 0.589048622548
0.895664793858 0.687223392973
0.841068670568 0.736310778185
0.841068670568 0.63813600776
0.785504974922 0.680678408278
0.895664793858 0.490873852123
0.841068670568 0.539961237336
0.841068670568 0.441786466911
0.785504974922 0.471238898038
0.785504974922 0.575958653158
0.730573744897 0.617098556955
0.730573744897 0.504898819327
0.676213734772 0.543737190044
0.998377754702 0.196349540849
0.947969741383 0.245436926062
0.947969741383 0.147262155637
0.895664793858 0.196349540849
0.895664793858 0.294524311274
0.841068670568 0.343611696486
0.841068670568 0.245436926062
0.785504974922 0.261799387799
0.895664793858 0.0981747704247
0.841068670568 0.147262155637
0.841068670568 0.0490873852123
0.785504974922 0.0523598775598
0.785504974922 0.157079632679
0.730573744897 0.168299606442
0.730573744897 0.0560998688141
0.676213734772 0.0604152433383
0.785504974922 0.366519142919
0.730573744897 0.392699081699
0.730573744897 0.280499344071
0.676213734772 0.302076216691
0.676213734772 0.422906703368
0.622368488555 0.458148928649
0.622368488555 0.327249234749
0.568985651952 0.356999165181
0.676213734772 0.181245730015
0.622368488555 0.196349540849
0.622368488555 0.0654498469498
0.568985651952 0.0713998330361
0.568985651952 0.214199499108
0.516016387355 0.235619449019
0.516016387355 0.0785398163397
0.463414871834 0.0872664625997
0.785504974922 0.785398163397
0.730573744897 0.841498032212
0.730573744897 0.729298294583
0.676213734772 0.785398163397
0.676213734772 0.906228650074
0.622368488555 0.981747704247
0.622368488555 0.850848010347
0.568985651952 0.92819782947
0.676213734772 0.664567676721
0.622368488555 0.719948316448
0.622368488555 0.589048622548
0.568985651952 0.642598497325
0.568985651952 0.785398163397
0.516016387355 0.863937979737
0.516016387355 0.706858347058
0.463414871834 0.785398163397
0.568985651952 1.07099749554
0.516016387355 1.1780972451
0.516016387355 1.02101761242
0.463414871834 1.1344640138
0.463414871834 1.308996939
0.411137862322 1.47262155637
0.411137862322 1.27627201552
0.359144315346 1.45859658917
0.463414871834 0.959931088597
0.411137862322 1.07992247467
0.411137862322 0.883572933822
0.359144315346 1.00979763865
0.359144315346 1.23419711391
0.307395051085 1.4398966329
0.307395051085 1.1780972451
0.25585245341 1.41371669412
0.568985651952 0.499798831253
0.516016387355 0.549778714378
0.516016387355 0.392699081699
0.463414871834 0.436332312999
0.463414871834 0.610865238198
0.411137862322 0.687223392973
0.411137862322 0.490873852123
0.359144315346 0.560998688141
0.463414871834 0.261799387799
0.411137862322 0.294524311274
0.411137862322 0.0981747704247
0.359144315346 0.112199737628
0.359144315346 0.336599212885
0.307395051085 0.392699081699
0.307395051085 0.1308996939
0.25585245341 0.157079632679
0.359144315346 0.785398163397
0.307395051085 0.916297857297
0.307395051085 0.654498469498
0.25585245341 0.785398163397
0.25585245341 1.09955742876
0.204480198969 1.37444678595
0.204480198969 0.981747704247
0.153243009496 1.308996939
0.25585245341 0.471238898038
0.204480198969 0.589048622548
0.204480198969 0.196349540849
0.153243009496 0.261799387799
0.153243009496 0.785398163397
0.102106422383 1.1780972451
0.102106422383 0.392699081699
0.0510365751527 0.785398163397
1.52911759437 2.35619449019
1.48736624018 2.4052818754
1.48736624018 2.30710710498
1.44546849563 2.35619449019
1.44546849563 2.45436926062
1.40334824758 2.50345664583
1.40334824758 2.4052818754
1.36092573453 2.45436926062
1.44546849563 2.25801971977
1.40334824758 2.30710710498
1.40334824758 2.20893233456
1.36092573453 2.25801971977
1.36092573453 2.35619449019
1.31811607165 2.4052818754
1.31811607165 2.30710710498
1.27482752344 2.35619449019
1.36092573453 2.55254403104
1.31811607165 2.60163141625
1.31811607165 2.50345664583
1.27482752344 2.55254403104
1.27482752344 2.65071880147
1.23095941734 2.69980618668
1.23095941734 2.60163141625
1.1863995523 2.65071880147
1.27482752344 2.45436926062
1.23095941734 2.50345664583
1.23095941734 2.4052818754
1.1863995523 2.45436926062
1.1863995523 2.55254403104
1.14102089549 2.60163141625
1.14102089549 2.50345664583
1.09467726588 2.55254403104
1.36092573453 2.15984494934
1.31811607165 2.20893233456
1.31811607165 2.11075756413
1.27482752344 2.15984494934
1.27482752344 2.25801971977
1.23095941734 2.30710710498
1.23095941734 2.20893233456
1.1863995523 2.25801971977
1.27482752344 2.06167017892
1.23095941734 2.11075756413
1.23095941734 2.01258279371
1.1863995523 2.06167017892
1.1863995523 2.15984494934
1.14102089549 2.20893233456
1.14102089549 2.11075756413
1.09467726588 2.15984494934
1.1863995523 2.35619449019
1.14102089549 2.4052818754
1.14102089549 2.30710710498
1.09467726588 2.35619449019
1.09467726588 2.45436926062
1.0471975512 2.50345664583
1.0471975512 2.4052818754
0.998377754702 2.45436926062
1.09467726588 2.25801971977
1.0471975512 2.30710710498
1.0471975512 2.20893233456
0.998377754702 2.25801971977
0.998377754702 2.35619449019
0.947969741383 2.4052818754
0.947969741383 2.30710710498
0.895664793858 2.35619449019
1.1863995523 2.74889357189
1.14102089549 2.7979809571
1.14102089549 2.69980618668
1.09467726588 2.74889357189
1.09467726588 2.84706834232
1.0471975512 2.89615572753
1.0471975512 2.7979809571
0.998377754702 2.84706834232
1.09467726588 2.65071880147
1.0471975512 2.69980618668
1.0471975512 2.60163141625
0.998377754702 2.65071880147
0.998377754702 2.74889357189
0.947969741383 2.7979809571
0.947969741383 2.69980618668
0.895664793858 2.74889357189
0.998377754702 2.94524311274
0.947969741383 2.99433049795
0.947969741383 2.89615572753
0.895664793858 2.94524311274
0.895664793858 3.04341788317
0.841068670568 3.09250526838
0.841068670568 2.99433049795
0.785504974922 3.08923277603
0.895664793858 2.84706834232
0.841068670568 2.89615572753
0.841068670568 2.7979809571
0.785504974922 2.87979326579
0.785504974922 2.98451302091
0.730573744897 3.08549278478
0.730573744897 2.97329304715
0.676213734772 3.08117741025
0.998377754702 2.55254403104
0.947969741383 2.60163141625
0.947969741383 2.50345664583
0.895664793858 2.55254403104
0.895664793858 2.65071880147
0.841068670568 2.69980618668
0.841068670568 2.60163141625
0.785504974922 2.67035375555
0.895664793858 2.45436926062
0.841068670568 2.50345664583
0.841068670568 2.4052818754
0.785504974922 2.46091424531
0.785504974922 2.56563400043
0.730573744897 2.63669383426
0.730573744897 2.52449409663
0.676213734772 2.59785546355
0.785504974922 2.77507351067
0.730573744897 2.86109330952
0.730573744897 2.74889357189
0.676213734772 2.8395164369
0.676213734772 2.96034692357
0.622368488555 3.07614280664
0.622368488555 2.94524311274
0.568985651952 3.07019282055
0.676213734772 2.71868595022
0.622368488555 2.81434341884
0.622368488555 2.68344372494
0.568985651952 2.78459348841
0.568985651952 2.92739315448
0.516016387355 3.06305283725
0.516016387355 2.90597320457
0.463414871834 3.05432619099
1.1863995523 1.96349540849
1.14102089549 2.01258279371
1.14102089549 1.91440802328
1.09467726588 1.96349540849
1.09467726588 2.06167017892
1.0471975512 2.11075756413
1.0471975512 2.01258279371
0.998377754702 2.06167017892
1.09467726588 1.86532063807
1.0471975512 1.91440802328
1.0471975512 1.81623325286
0.998377754702 1.86532063807
0.998377754702 1.96349540849
0.947969741383 2.01258279371
0.947969741383 1.91440802328
0.895664793858 1.96349540849
0.998377754702 2.15984494934
0.947969741383 2.20893233456
0.947969741383 2.11075756413
0.895664793858 2.15984494934
0.895664793858 2.25801971977
0.841068670568 2.30710710498
0.841068670568 2.20893233456
0.785504974922 2.25147473507
0.895664793858 2.06167017892
0.841068670568 2.11075756413
0.841068670568 2.01258279371
0.785504974922 2.04203522483
0.785504974922 2.14675497995
0.730573744897 2.18789488375
0.730573744897 2.07569514612
0.676213734772 2.11453351684
0.998377754702 1.76714586764
0.947969741383 1.81623325286
0.947969741383 1.71805848243
0.895664793858 1.76714586764
0.895664793858 1.86532063807
0.841068670568 1.91440802328
0.841068670568 1.81623325286
0.785504974922 1.83259571459
0.895664793858 1.66897109722
0.841068670568 1.71805848243
0.841068670568 1.61988371201
0.785504974922 1.62315620435
0.785504974922 1.72787595947
0.730573744897 1.73909593324
0.730573744897 1.62689619561
0.676213734772 1.63121157013
0.785504974922 1.93731546971
0.730573744897 1.96349540849
0.730573744897 1.85129567087
0.676213734772 1.87287254349
0.676213734772 1.99370303016
0.622368488555 2.02894525544
0.622368488555 1.89804556154
0.568985651952 1.92779549198
0.676213734772 1.75204205681
0.622368488555 1.76714586764
0.622368488555 1.63624617374
0.568985651952 1.64219615983
0.568985651952 1.7849958259
0.516016387355 1.80641577581
0.516016387355 1.64933614313
0.463414871834 1.65806278939
0.785504974922 2.35619449019
0.730573744897 2.41229435901
0.730573744897 2.30009462138
0.676213734772 2.35619449019
0.676213734772 2.47702497687
0.622368488555 2.55254403104
0.622368488555 2.42164433714
0.568985651952 2.49899415626
0.676213734772 2.23536400352
0.622368488555 2.29074464324
0.622368488555 2.15984494934
0.568985651952 2.21339482412
0.568985651952 2.35619449019
0.516016387355 2.43473430653
0.516016387355 2.27765467385
0.463414871834 2.35619449019
0.568985651952 2.64179382234
0.516016387355 2.74889357189
0.516016387355 2.59181393921
0.463414871834 2.70526034059
0.463414871834 2.87979326579
0.411137862322 3.04341788317
0.411137862322 2.84706834232
0.359144315346 3.02939291596
0.463414871834 2.53072741539
0.411137862322 2.65071880147
0.411137862322 2.45436926062
0.359144315346 2.58059396545
0.359144315346 2.80499344071
0.307395051085 3.01069295969
0.307395051085 2.74889357189
0.25585245341 2.98451302091
0.568985651952 2.07059515805
0.516016387355 2.12057504117
0.516016387355 1.96349540849
0.463414871834 2.00712863979
0.463414871834 2.18166156499
0.411137862322 2.25801971977
0.411137862322 2.06167017892
0.359144315346 2.13179501494
0.463414871834 1.83259571459
0.411137862322 1.86532063807
0.411137862322 1.66897109722
0.359144315346 1.68299606442
0.359144315346 1.90739553968
0.307395051085 1.96349540849
0.307395051085 1.70169602069
0.25585245341 1.72787595947
0.359144315346 2.35619449019
0.307395051085 2.48709418409
0.307395051085 2.22529479629
0.25585245341 2.35619449019
0.25585245341 2.67035375555
0.204480198969 2.94524311274
0.204480198969 2.55254403104
0.153243009496 2.87979326579
0.25585245341 2.04203522483
0.204480198969 2.15984494934
0.204480198969 1.76714586764
0.153243009496 1.83259571459
0.153243009496 2.35619449019
0.102106422383 2.74889357189
0.102106422383 1.96349540849
0.0510365751527 2.35619449019
1.52911759437 3.92699081699
1.48736624018 3.9760782022
1.48736624018 3.87790343177
1.44546849563 3.92699081699
1.44546849563 4.02516558741
1.40334824758 4.07425297262
1.40334824758 3.9760782022
1.36092573453 4.02516558741
1.44546849563 3.82881604656
1.40334824758 3.87790343177
1.40334824758 3.77972866135
1.36092573453 3.82881604656
1.36092573453 3.92699081699
1.31811607165 3.9760782022
1.31811607165 3.87790343177
1.27482752344 3.92699081699
1.36092573453 4.12334035784
1.31811607165 4.17242774305
1.31811607165 4.07425297262
1.27482752344 4.12334035784
1.27482752344 4.22151512826
1.23095941734 4.27060251347
1.23095941734 4.17242774305
1.1863995523 4.22151512826
1.27482752344 4.02516558741
1.23095941734 4.07425297262
1.23095941734 3.9760782022
1.1863995523 4.02516558741
1.1863995523 4.12334035784
1.14102089549 4.17242774305
1.14102089549 4.07425297262
1.09467726588 4.12334035784
1.36092573453 3.73064127614
1.31811607165 3.77972866135
1.31811607165 3.68155389093
1.27482752344 3.73064127614
1.27482752344 3.82881604656
1.23095941734 3.87790343177
1.23095941734 3.77972866135
1.1863995523 3.82881604656
1.27482752344 3.63246650571
1.23095941734 3.68155389093
1.23095941734 3.5833791205
1.1863995523 3.63246650571
1.1863995523 3.73064127614
1.14102089549 3.77972866135
1.14102089549 3.68155389093
1.09467726588 3.73064127614
1.1863995523 3.92699081699
1.14102089549 3.9760782022
1.14102089549 3.87790343177
1.09467726588 3.92699081699
1.09467726588 4.02516558741
1.0471975512 4.07425297262
1.0471975512 3.9760782022
0.998377754702 4.02516558741
1.09467726588 3.82881604656
1.0471975512 3.87790343177
1.0471975512 3.77972866135
0.998377754702 3.82881604656
0.998377754702 3.92699081699
0.947969741383 3.9760782022
0.947969741383 3.87790343177
0.895664793858 3.92699081699
1.1863995523 4.31968989869
1.14102089549 4.3687772839
1.14102089549 4.27060251347
1.09467726588 4.31968989869
1.09467726588 4.41786466911
1.0471975512 4.46695205432
1.0471975512 4.3687772839
0.998377754702 4.41786466911
1.09467726588 4.22151512826
1.0471975512 4.27060251347
1.0471975512 4.17242774305
0.998377754702 4.22151512826
0.998377754702 4.31968989869
0.947969741383 4.3687772839
0.947969741383 4.27060251347
0.895664793858 4.31968989869
0.998377754702 4.51603943954
0.947969741383 4.56512682475
0.947969741383 4.46695205432
0.895664793858 4.51603943954
0.895664793858 4.61421420996
0.841068670568 4.66330159517
0.841068670568 4.56512682475
0.785504974922 4.66002910282
0.895664793858 4.41786466911
0.841068670568 4.46695205432
0.841068670568 4.3687772839
0.785504974922 4.45058959259
0.785504974922 4.55530934771
0.730573744897 4.65628911157
0.730573744897 4.54408937394
0.676213734772 4.65197373705
0.998377754702 4.12334035784
0.947969741383 4.17242774305
0.947969741383 4.07425297262
0.895664793858 4.12334035784
0.895664793858 4.22151512826
0.841068670568 4.27060251347
0.841068670568 4.17242774305
0.785504974922 4.24115008235
0.895664793858 4.02516558741
0.841068670568 4.07425297262
0.841068670568 3.9760782022
0.785504974922 4.03171057211
0.785504974922 4.13643032723
0.730573744897 4.20749016106
0.730573744897 4.09529042343
0.676213734772 4.16865179034
0.785504974922 4.34586983747
0.730573744897 4.43188963631
0.730573744897 4.31968989869
0.676213734772 4.41031276369
0.676213734772 4.53114325037
0.622368488555 4.64693913343
0.622368488555 4.51603943954
0.568985651952 4.64098914735
0.676213734772 4.28948227702
0.622368488555 4.38513974564
0.622368488555 4.25424005174
0.568985651952 4.3553898152
0.568985651952 4.49818948128
0.516016387355 4.63384916404
0.516016387355 4.47676953137
0.463414871834 4.62512251778
1.1863995523 3.53429173529
1.14102089549 3.5833791205
1.14102089549 3.48520435008
1.09467726588 3.53429173529
1.09467726588 3.63246650571
1.0471975512 3.68155389093
1.0471975512 3.5833791205
0.998377754702 3.63246650571
1.09467726588 3.43611696486
1.0471975512 3.48520435008
1.0471975512 3.38702957965
0.998377754702 3.43611696486
0.998377754702 3.53429173529
0.947969741383 3.5833791205
0.947969741383 3.48520435008
0.895664793858 3.53429173529
0.998377754702 3.73064127614
0.947969741383 3.77972866135
0.947969741383 3.68155389093
0.895664793858 3.73064127614
0.895664793858 3.82881604656
0.841068670568 3.87790343177
0.841068670568 3.77972866135
0.785504974922 3.82227106187
0.895664793858 3.63246650571
0.841068670568 3.68155389093
0.841068670568 3.5833791205
0.785504974922 3.61283155163
0.785504974922 3.71755130675
0.730573744897 3.75869121054
0.730573744897 3.64649147292
0.676213734772 3.68532984363
0.998377754702 3.33794219444
0.947969741383 3.38702957965
0.947969741383 3.28885480923
0.895664793858 3.33794219444
0.895664793858 3.43611696486
0.841068670568 3.48520435008
0.841068670568 3.38702957965
0.785504974922 3.40339204139
0.895664793858 3.23976742401
0.841068670568 3.28885480923
0.841068670568 3.1906800388
0.785504974922 3.19395253115
0.785504974922 3.29867228627
0.730573744897 3.30989226003
0.730573744897 3.1976925224
0.676213734772 3.20200789693
0.785504974922 3.50811179651
0.730573744897 3.53429173529
0.730573744897 3.42209199766
0.676213734772 3.44366887028
0.676213734772 3.56449935696
0.622368488555 3.59974158224
0.622368488555 3.46884188834
0.568985651952 3.49859181877
0.676213734772 3.3228383836
0.622368488555 3.33794219444
0.622368488555 3.20704250054
0.568985651952 3.21299248663
0.568985651952 3.3557921527
0.516016387355 3.37721210261
0.516016387355 3.22013246993
0.463414871834 3.22885911619
0.785504974922 3.92699081699
0.730573744897 3.9830906858
0.730573744897 3.87089094817
0.676213734772 3.92699081699
0.676213734772 4.04782130366
0.622368488555 4.12334035784
0.622368488555 3.99244066394
0.568985651952 4.06979048306
0.676213734772 3.80616033031
0.622368488555 3.86154097004
0.622368488555 3.73064127614
0.568985651952 3.78419115091
0.568985651952 3.92699081699
0.516016387355 4.00553063333
0.516016387355 3.84845100065
0.463414871834 3.92699081699
0.568985651952 4.21259014913
0.516016387355 4.31968989869
0.516016387355 4.16261026601
0.463414871834 4.27605666739
0.463414871834 4.45058959259
0.411137862322 4.61421420996
0.411137862322 4.41786466911
0.359144315346 4.60018924276
0.463414871834 4.10152374219
0.411137862322 4.22151512826
0.411137862322 4.02516558741
0.359144315346 4.15139029224
0.359144315346 4.3757897675
0.307395051085 4.58148928649
0.307395051085 4.31968989869
0.25585245341 4.55530934771
0.568985651952 3.64139148484
0.516016387355 3.69137136797
0.516016387355 3.53429173529
0.463414871834 3.57792496659
0.463414871834 3.75245789179
0.411137862322 3.82881604656
0.411137862322 3.63246650571
0.359144315346 3.70259134173
0.463414871834 3.40339204139
0.411137862322 3.43611696486
0.411137862322 3.23976742401
0.359144315346 3.25379239122
0.359144315346 3.47819186647
0.307395051085 3.53429173529
0.307395051085 3.27249234749
0.25585245341 3.29867228627
0.359144315346 3.92699081699
0.307395051085 4.05789051089
0.307395051085 3.79609112309
0.25585245341 3.92699081699
0.25585245341 4.24115008235
0.204480198969 4.51603943954
0.204480198969 4.12334035784
0.153243009496 4.45058959259
0.25585245341 3.61283155163
0.204480198969 3.73064127614
0.204480198969 3.33794219444
0.153243009496 3.40339204139
0.153243009496 3.92699081699
0.102106422383 4.31968989869
0.102106422383 3.53429173529
0.0510365751527 3.92699081699
1.52911759437 5.49778714378
1.48736624018 5.54687452899
1.48736624018 5.44869975857
1.44546849563 5.49778714378
1.44546849563 5.59596191421
1.40334824758 5.64504929942
1.40334824758 5.54687452899
1.36092573453 5.59596191421
1.44546849563 5.39961237336
1.40334824758 5.44869975857
1.40334824758 5.35052498815
1.36092573453 5.39961237336
1.36092573453 5.49778714378
1.31811607165 5.54687452899
1.31811607165 5.44869975857
1.27482752344 5.49778714378
1.36092573453 5.69413668463
1.31811607165 5.74322406984
1.31811607165 5.64504929942
1.27482752344 5.69413668463
1.27482752344 5.79231145506
1.23095941734 5.84139884027
1.23095941734 5.74322406984
1.1863995523 5.79231145506
1.27482752344 5.59596191421
1.23095941734 5.64504929942
1.23095941734 5.54687452899
1.1863995523 5.59596191421
1.1863995523 5.69413668463
1.14102089549 5.74322406984
1.14102089549 5.64504929942
1.09467726588 5.69413668463
1.36092573453 5.30143760293
1.31811607165 5.35052498815
1.31811607165 5.25235021772
1.27482752344 5.30143760293
1.27482752344 5.39961237336
1.23095941734 5.44869975857
1.23095941734 5.35052498815
1.1863995523 5.39961237336
1.27482752344 5.20326283251
1.23095941734 5.25235021772
1.23095941734 5.1541754473
1.1863995523 5.20326283251
1.1863995523 5.30143760293
1.14102089549 5.35052498815
1.14102089549 5.25235021772
1.09467726588 5.30143760293
1.1863995523 5.49778714378
1.14102089549 5.54687452899
1.14102089549 5.44869975857
1.09467726588 5.49778714378
1.09467726588 5.59596191421
1.0471975512 5.64504929942
1.0471975512 5.54687452899
0.998377754702 5.59596191421
1.09467726588 5.39961237336
1.0471975512 5.44869975857
1.0471975512 5.35052498815
0.998377754702 5.39961237336
0.998377754702 5.49778714378
0.947969741383 5.54687452899
0.947969741383 5.44869975857
0.895664793858 5.49778714378
1.1863995523 5.89048622548
1.14102089549 5.93957361069
1.14102089549 5.84139884027
1.09467726588 5.89048622548
1.09467726588 5.98866099591
1.0471975512 6.03774838112
1.0471975512 5.93957361069
0.998377754702 5.98866099591
1.09467726588 5.79231145506
1.0471975512 5.84139884027
1.0471975512 5.74322406984
0.998377754702 5.79231145506
0.998377754702 5.89048622548
0.947969741383 5.93957361069
0.947969741383 5.84139884027
0.895664793858 5.89048622548
0.998377754702 6.08683576633
0.947969741383 6.13592315154
0.947969741383 6.03774838112
0.895664793858 6.08683576633
0.895664793858 6.18501053675
0.841068670568 6.23409792197
0.841068670568 6.13592315154
0.785504974922 6.23082542962
0.895664793858 5.98866099591
0.841068670568 6.03774838112
0.841068670568 5.93957361069
0.785504974922 6.02138591938
0.785504974922 6.1261056745
0.730573744897 6.22708543837
0.730573744897 6.11488570074
0.676213734772 6.22277006384
0.998377754702 5.69413668463
0.947969741383 5.74322406984
0.947969741383 5.64504929942
0.895664793858 5.69413668463
0.895664793858 5.79231145506
0.841068670568 5.84139884027
0.841068670568 5.74322406984
0.785504974922 5.81194640914
0.895664793858 5.59596191421
0.841068670568 5.64504929942
0.841068670568 5.54687452899
0.785504974922 5.6025068989
0.785504974922 5.70722665402
0.730573744897 5.77828648785
0.730573744897 5.66608675022
0.676213734772 5.73944811714
0.785504974922 5.91666616426
0.730573744897 6.00268596311
0.730573744897 5.89048622548
0.676213734772 5.98110909049
0.676213734772 6.10193957716
0.622368488555 6.21773546023
0.622368488555 6.08683576633
0.568985651952 6.21178547414
0.676213734772 5.86027860381
0.622368488555 5.95593607243
0.622368488555 5.82503637853
0.568985651952 5.926186142
0.568985651952 6.06898580807
0.516016387355 6.20464549084
0.516016387355 6.04756585816
0.463414871834 6.19591884458
1.1863995523 5.10508806208
1.14102089549 5.1541754473
1.14102089549 5.05600067687
1.09467726588 5.10508806208
1.09467726588 5.20326283251
1.0471975512 5.25235021772
1.0471975512 5.1541754473
0.998377754702 5.20326283251
1.09467726588 5.00691329166
1.0471975512 5.05600067687
1.0471975512 4.95782590645
0.998377754702 5.00691329166
0.998377754702 5.10508806208
0.947969741383 5.1541754473
0.947969741383 5.05600067687
0.895664793858 5.10508806208
0.998377754702 5.30143760293
0.947969741383 5.35052498815
0.947969741383 5.25235021772
0.895664793858 5.30143760293
0.895664793858 5.39961237336
0.841068670568 5.44869975857
0.841068670568 5.35052498815
0.785504974922 5.39306738866
0.895664793858 5.20326283251
0.841068670568 5.25235021772
0.841068670568 5.1541754473
0.785504974922 5.18362787842
0.785504974922 5.28834763354
0.730573744897 5.32948753734
0.730573744897 5.21728779971
0.676213734772 5.25612617043
0.998377754702 4.90873852123
0.947969741383 4.95782590645
0.947969741383 4.85965113602
0.895664793858 4.90873852123
0.895664793858 5.00691329166
0.841068670568 5.05600067687
0.841068670568 4.95782590645
0.785504974922 4.97418836818
0.895664793858 4.81056375081
0.841068670568 4.85965113602
0.841068670568 4.7614763656
0.785504974922 4.76474885794
0.785504974922 4.86946861306
0.730573744897 4.88068858683
0.730573744897 4.7684888492
0.676213734772 4.77280422372
0.785504974922 5.0789081233
0.730573744897 5.10508806208
0.730573744897 4.99288832446
0.676213734772 5.01446519708
0.676213734772 5.13529568375
0.622368488555 5.17053790903
0.622368488555 5.03963821513
0.568985651952 5.06938814557
0.676213734772 4.8936347104
0.622368488555 4.90873852123
0.622368488555 4.77783882733
0.568985651952 4.78378881342
0.568985651952 4.92658847949
0.516016387355 4.9480084294
0.516016387355 4.79092879672
0.463414871834 4.79965544298
0.785504974922 5.49778714378
0.730573744897 5.5538870126
0.730573744897 5.44168727497
0.676213734772 5.49778714378
0.676213734772 5.61861763046
0.622368488555 5.69413668463
0.622368488555 5.56323699073
0.568985651952 5.64058680985
0.676213734772 5.37695665711
0.622368488555 5.43233729683
0.622368488555 5.30143760293
0.568985651952 5.35498747771
0.568985651952 5.49778714378
0.516016387355 5.57632696012
0.516016387355 5.41924732744
0.463414871834 5.49778714378
0.568985651952 5.78338647593
0.516016387355 5.89048622548
0.516016387355 5.7334065928
0.463414871834 5.84685299418
0.463414871834 6.02138591938
0.411137862322 6.18501053675
0.411137862322 5.98866099591
0.359144315346 6.17098556955
0.463414871834 5.67232006898
0.411137862322 5.79231145506
0.411137862322 5.59596191421
0.359144315346 5.72218661904
0.359144315346 5.94658609429
0.307395051085 6.15228561328
0.307395051085 5.89048622548
0.25585245341 6.1261056745
0.568985651952 5.21218781164
0.516016387355 5.26216769476
0.516016387355 5.10508806208
0.463414871834 5.14872129338
0.463414871834 5.32325421858
0.411137862322 5.39961237336
0.411137862322 5.20326283251
0.359144315346 5.27338766853
0.463414871834 4.97418836818
0.411137862322 5.00691329166
0.411137862322 4.81056375081
0.359144315346 4.82458871801
0.359144315346 5.04898819327
0.307395051085 5.10508806208
0.307395051085 4.84328867428
0.25585245341 4.86946861306
0.359144315346 5.49778714378
0.307395051085 5.62868683768
0.307395051085 5.36688744988
0.25585245341 5.49778714378
0.25585245341 5.81194640914
0.204480198969 6.08683576633
0.204480198969 5.69413668463
0.153243009496 6.02138591938
0.25585245341 5.18362787842
0.204480198969 5.30143760293
0.204480198969 4.90873852123
0.153243009496 4.97418836818
0.153243009496 5.49778714378
0.102106422383 5.89048622548
0.102106422383 5.10508806208
0.0510365751527 5.49778714378
2.24592785973 0.0
2.19362291221 0.0490873852123
2.19362291221 6.23409792197
2.14321489889 0.0
2.14321489889 0.0981747704247
2.09439510239 0.147262155637
2.09439510239 0.0490873852123
2.04691538771 0.0981747704247
2.14321489889 6.18501053675
2.09439510239 6.23409792197
2.09439510239 6.13592315154
2.04691538771 6.18501053675
2.04691538771 0.0
2.0005717581 0.0490873852123
2.0005717581 6.23409792197
1.95519310129 0.0
2.04691538771 0.196349540849
2.0005717581 0.245436926062
2.0005717581 0.147262155637
1.95519310129 0.196349540849
1.95519310129 0.294524311274
1.91063323625 0.343611696486
1.91063323625 0.245436926062
1.86676513015 0.294524311274
1.95519310129 0.0981747704247
1.91063323625 0.147262155637
1.91063323625 0.0490873852123
1.86676513015 0.0981747704247
1.86676513015 0.196349540849
1.82347658194 0.245436926062
1.82347658194 0.147262155637
1.78066691906 0.196349540849
2.04691538771 6.08683576633
2.0005717581 6.13592315154
2.0005717581 6.03774838112
1.95519310129 6.08683576633
1.95519310129 6.18501053675
1.91063323625 6.23409792197
1.91063323625 6.13592315154
1.86676513015 6.18501053675
1.95519310129 5.98866099591
1.91063323625 6.03774838112
1.91063323625 5.93957361069
1.86676513015 5.98866099591
1.86676513015 6.08683576633
1.82347658194 6.13592315154
1.82347658194 6.03774838112
1.78066691906 6.08683576633
1.86676513015 0.0
1.82347658194 0.0490873852123
1.82347658194 6.23409792197
1.78066691906 0.0
1.78066691906 0.0981747704247
1.73824440601 0.147262155637
1.73824440601 0.0490873852123
1.69612415796 0.0981747704247
1.78066691906 6.18501053675
1.73824440601 6.23409792197
1.73824440601 6.13592315154
1.69612415796 6.18501053675
1.69612415796 0.0
1.65422641341 0.0490873852123
1.65422641341 6.23409792197
1.61247505922 0.0
1.86676513015 0.392699081699
1.82347658194 0.441786466911
1.82347658194 0.343611696486
1.78066691906 0.392699081699
1.78066691906 0.490873852123
1.73824440601 0.539961237336
1.73824440601 0.441786466911
1.69612415796 0.490873852123
1.78066691906 0.294524311274
1.73824440601 0.343611696486
1.73824440601 0.245436926062
1.69612415796 0.294524311274
1.69612415796 0.392699081699
1.65422641341 0.441786466911
1.65422641341 0.343611696486
1.61247505922 0.392699081699
1.69612415796 0.589048622548
1.65422641341 0.63813600776
1.65422641341 0.539961237336
1.61247505922 0.589048622548
1.61247505922 0.687223392973
1.57079632679 0.736310778185
1.57079632679 0.63813600776
1.52911759437 0.687223392973
1.61247505922 0.490873852123
1.57079632679 0.539961237336
1.57079632679 0.441786466911
1.52911759437 0.490873852123
1.52911759437 0.589048622548
1.48736624018 0.63813600776
1.48736624018 0.539961237336
1.44546849563 0.589048622548
1.69612415796 0.196349540849
1.65422641341 0.245436926062
1.65422641341 0.147262155637
1.61247505922 0.196349540849
1.61247505922 0.294524311274
1.57079632679 0.343611696486
1.57079632679 0.245436926062
1.52911759437 0.294524311274
1.61247505922 0.0981747704247
1.57079632679 0.147262155637
1.57079632679 0.0490873852123
1.52911759437 0.0981747704247
1.52911759437 0.196349540849
1.48736624018 0.245436926062
1.48736624018 0.147262155637
1.44546849563 0.196349540849
1.52911759437 0.392699081699
1.48736624018 0.441786466911
1.48736624018 0.343611696486
1.44546849563 0.392699081699
1.44546849563 0.490873852123
1.40334824758 0.539961237336
1.40334824758 0.441786466911
1.36092573453 0.490873852123
1.44546849563 0.294524311274
1.40334824758 0.343611696486
1.40334824758 0.245436926062
1.36092573453 0.294524311274
1.36092573453 0.392699081699
1.31811607165 0.441786466911
1.31811607165 0.343611696486
1.27482752344 0.392699081699
1.86676513015 5.89048622548
1.82347658194 5.93957361069
1.82347658194 5.84139884027
1.78066691906 5.89048622548
1.78066691906 5.98866099591
1.73824440601 6.03774838112
1.73824440601 5.93957361069
1.69612415796 5.98866099591
1.78066691906 5.79231145506
1.73824440601 5.84139884027
1.73824440601 5.74322406984
1.69612415796 5.79231145506
1.69612415796 5.89048622548
1.65422641341 5.93957361069
1.65422641341 5.84139884027
1.61247505922 5.89048622548
1.69612415796 6.08683576633
1.65422641341 6.13592315154
1.65422641341 6.03774838112
1.61247505922 6.08683576633
1.61247505922 6.18501053675
1.57079632679 6.23409792197
1.57079632679 6.13592315154
1.52911759437 6.18501053675
1.61247505922 5.98866099591
1.57079632679 6.03774838112
1.57079632679 5.93957361069
1.52911759437 5.98866099591
1.52911759437 6.08683576633
1.48736624018 6.13592315154
1.48736624018 6.03774838112
1.44546849563 6.08683576633
1.69612415796 5.69413668463
1.65422641341 5.74322406984
1.65422641341 5.64504929942
1.61247505922 5.69413668463
1.61247505922 5.79231145506
1.57079632679 5.84139884027
1.57079632679 5.74322406984
1.52911759437 5.79231145506
1.61247505922 5.59596191421
1.57079632679 5.64504929942
1.57079632679 5.54687452899
1.52911759437 5.59596191421
1.52911759437 5.69413668463
1.48736624018 5.74322406984
1.48736624018 5.64504929942
1.44546849563 5.69413668463
1.52911759437 5.89048622548
1.48736624018 5.93957361069
1.48736624018 5.84139884027
1.44546849563 5.89048622548
1.44546849563 5.98866099591
1.40334824758 6.03774838112
1.40334824758 5.93957361069
1.36092573453 5.98866099591
1.44546849563 5.79231145506
1.40334824758 5.84139884027
1.40334824758 5.74322406984
1.36092573453 5.79231145506
1.36092573453 5.89048622548
1.31811607165 5.93957361069
1.31811607165 5.84139884027
1.27482752344 5.89048622548
1.52911759437 0.0
1.48736624018 0.0490873852123
1.48736624018 6.23409792197
1.44546849563 0.0
1.44546849563 0.0981747704247
1.40334824758 0.147262155637
1.40334824758 0.0490873852123
1.36092573453 0.0981747704247
1.44546849563 6.18501053675
1.40334824758 6.23409792197
1.40334824758 6.13592315154
1.36092573453 6.18501053675
1.36092573453 0.0
1.31811607165 0.0490873852123
1.31811607165 6.23409792197
1.27482752344 0.0
1.36092573453 0.196349540849
1.31811607165 0.245436926062
1.31811607165 0.147262155637
1.27482752344 0.196349540849
1.27482752344 0.294524311274
1.23095941734 0.343611696486
1.23095941734 0.245436926062
1.1863995523 0.294524311274
1.27482752344 0.0981747704247
1.23095941734 0.147262155637
1.23095941734 0.0490873852123
1.1863995523 0.0981747704247
1.1863995523 0.196349540849
1.14102089549 0.245436926062
1.14102089549 0.147262155637
1.09467726588 0.196349540849
1.36092573453 6.08683576633
1.31811607165 6.13592315154
1.31811607165 6.03774838112
1.27482752344 6.08683576633
1.27482752344 6.18501053675
1.23095941734 6.23409792197
1.23095941734 6.13592315154
1.1863995523 6.18501053675
1.27482752344 5.98866099591
1.23095941734 6.03774838112
1.23095941734 5.93957361069
1.1863995523 5.98866099591
1.1863995523 6.08683576633
1.14102089549 6.13592315154
1.14102089549 6.03774838112
1.09467726588 6.08683576633
1.1863995523 0.0
1.14102089549 0.0490873852123
1.14102089549 6.23409792197
1.09467726588 0.0
1.09467726588 0.0981747704247
1.0471975512 0.147262155637
1.0471975512 0.0490873852123
0.998377754702 0.0981747704247
1.09467726588 6.18501053675
1.0471975512 6.23409792197
1.0471975512 6.13592315154
0.998377754702 6.18501053675
0.998377754702 0.0
0.947969741383 0.0490873852123
0.947969741383 6.23409792197
0.895664793858 0.0
2.24592785973 1.57079632679
2.19362291221 1.61988371201
2.19362291221 1.52170894158
2.14321489889 1.57079632679
2.14321489889 1.66897109722
2.09439510239 1.71805848243
2.09439510239 1.61988371201
2.04691538771 1.66897109722
2.14321489889 1.47262155637
2.09439510239 1.52170894158
2.09439510239 1.42353417116
2.04691538771 1.47262155637
2.04691538771 1.57079632679
2.0005717581 1.61988371201
2.0005717581 1.52170894158
1.95519310129 1.57079632679
2.04691538771 1.76714586764
2.0005717581 1.81623325286
2.0005717581 1.71805848243
1.95519310129 1.76714586764
1.95519310129 1.86532063807
1.91063323625 1.91440802328
1.91063323625 1.81623325286
1.86676513015 1.86532063807
1.95519310129 1.66897109722
1.91063323625 1.71805848243
1.91063323625 1.61988371201
1.86676513015 1.66897109722
1.86676513015 1.76714586764
1.82347658194 1.81623325286
1.82347658194 1.71805848243
1.78066691906 1.76714586764
2.04691538771 1.37444678595
2.0005717581 1.42353417116
2.0005717581 1.32535940073
1.95519310129 1.37444678595
1.95519310129 1.47262155637
1.91063323625 1.52170894158
1.91063323625 1.42353417116
1.86676513015 1.47262155637
1.95519310129 1.27627201552
1.91063323625 1.32535940073
1.91063323625 1.22718463031
1.86676513015 1.27627201552
1.86676513015 1.37444678595
1.82347658194 1.42353417116
1.82347658194 1.32535940073
1.78066691906 1.37444678595
1.86676513015 1.57079632679
1.82347658194 1.61988371201
1.82347658194 1.52170894158
1.78066691906 1.57079632679
1.78066691906 1.66897109722
1.73824440601 1.71805848243
1.73824440601 1.61988371201
1.69612415796 1.66897109722
1.78066691906 1.47262155637
1.73824440601 1.52170894158
1.73824440601 1.42353417116
1.69612415796 1.47262155637
1.69612415796 1.57079632679
1.65422641341 1.61988371201
1.65422641341 1.52170894158
1.61247505922 1.57079632679
1.86676513015 1.96349540849
1.82347658194 2.01258279371
1.82347658194 1.91440802328
1.78066691906 1.96349540849
1.78066691906 2.06167017892
1.73824440601 2.11075756413
1.73824440601 2.01258279371
1.69612415796 2.06167017892
1.78066691906 1.86532063807
1.73824440601 1.91440802328
1.73824440601 1.81623325286
1.69612415796 1.86532063807
1.69612415796 1.96349540849
1.65422641341 2.01258279371
1.65422641341 1.91440802328
1.61247505922 1.96349540849
1.69612415796 2.15984494934
1.65422641341 2.20893233456
1.65422641341 2.11075756413
1.61247505922 2.15984494934
1.61247505922 2.25801971977
1.57079632679 2.30710710498
1.57079632679 2.20893233456
1.52911759437 2.25801971977
1.61247505922 2.06167017892
1.57079632679 2.11075756413
1.57079632679 2.01258279371
1.52911759437 2.06167017892
1.52911759437 2.15984494934
1.48736624018 2.20893233456
1.48736624018 2.11075756413
1.44546849563 2.15984494934
1.69612415796 1.76714586764
1.65422641341 1.81623325286
1.65422641341 1.71805848243
1.61247505922 1.76714586764
1.61247505922 1.86532063807
1.57079632679 1.91440802328
1.57079632679 1.81623325286
1.52911759437 1.86532063807
1.61247505922 1.66897109722
1.57079632679 1.71805848243
1.57079632679 1.61988371201
1.52911759437 1.66897109722
1.52911759437 1.76714586764
1.48736624018 1.81623325286
1.48736624018 1.71805848243
1.44546849563 1.76714586764
1.52911759437 1.96349540849
1.48736624018 2.01258279371
1.48736624018 1.91440802328
1.44546849563 1.96349540849
1.44546849563 2.06167017892
1.40334824758 2.11075756413
1.40334824758 2.01258279371
1.36092573453 2.06167017892
1.44546849563 1.86532063807
1.40334824758 1.91440802328
1.40334824758 1.81623325286
1.36092573453 1.86532063807
1.36092573453 1.96349540849
1.31811607165 2.01258279371
1.31811607165 1.91440802328
1.27482752344 1.96349540849
1.86676513015 1.1780972451
1.82347658194 1.22718463031
1.82347658194 1.12900985988
1.78066691906 1.1780972451
1.78066691906 1.27627201552
1.73824440601 1.32535940073
1.73824440601 1.22718463031
1.69612415796 1.27627201552
1.78066691906 1.07992247467
1.73824440601 1.12900985988
1.73824440601 1.03083508946
1.69612415796 1.07992247467
1.69612415796 1.1780972451
1.65422641341 1.22718463031
1.65422641341 1.12900985988
1.61247505922 1.1780972451
1.69612415796 1.37444678595
1.65422641341 1.42353417116
1.65422641341 1.32535940073
1.61247505922 1.37444678595
1.61247505922 1.47262155637
1.57079632679 1.52170894158
1.57079632679 1.42353417116
1.52911759437 1.47262155637
1.61247505922 1.27627201552
1.57079632679 1.32535940073
1.57079632679 1.22718463031
1.52911759437 1.27627201552
1.52911759437 1.37444678595
1.48736624018 1.42353417116
1.48736624018 1.32535940073
1.44546849563 1.37444678595
1.69612415796 0.981747704247
1.65422641341 1.03083508946
1.65422641341 0.932660319034
1.61247505922 0.981747704247
1.61247505922 1.07992247467
1.57079632679 1.12900985988
1.57079632679 1.03083508946
1.52911759437 1.07992247467
1.61247505922 0.883572933822
1.57079632679 0.932660319034
1.57079632679 0.83448554861
1.52911759437 0.883572933822
1.52911759437 0.981747704247
1.48736624018 1.03083508946
1.48736624018 0.932660319034
1.44546849563 0.981747704247
1.52911759437 1.1780972451
1.48736624018 1.22718463031
1.48736624018 1.12900985988
1.44546849563 1.1780972451
1.44546849563 1.27627201552
1.40334824758 1.32535940073
1.40334824758 1.22718463031
1.36092573453 1.27627201552
1.44546849563 1.07992247467
1.40334824758 1.12900985988
1.40334824758 1.03083508946
1.36092573453 1.07992247467
1.36092573453 1.1780972451
1.31811607165 1.22718463031
1.31811607165 1.12900985988
1.27482752344 1.1780972451
1.52911759437 1.57079632679
1.48736624018 1.61988371201
1.48736624018 1.52170894158
1.44546849563 1.57079632679
1.44546849563 1.66897109722
1.40334824758 1.71805848243
1.40334824758 1.61988371201
1.36092573453 1.66897109722
1.44546849563 1.47262155637
1.40334824758 1.52170894158
1.40334824758 1.42353417116
1.36092573453 1.47262155637
1.36092573453 1.57079632679
1.31811607165 1.61988371201
1.31811607165 1.52170894158
1.27482752344 1.57079632679
1.36092573453 1.76714586764
1.31811607165 1.81623325286
1.31811607165 1.71805848243
1.27482752344 1.76714586764
1.27482752344 1.86532063807
1.23095941734 1.91440802328
1.23095941734 1.81623325286
1.1863995523 1.86532063807
1.27482752344 1.66897109722
1.23095941734 1.71805848243
1.23095941734 1.61988371201
1.1863995523 1.66897109722
1.1863995523 1.76714586764
1.14102089549 1.81623325286
1.14102089549 1.71805848243
1.09467726588 1.76714586764
1.36092573453 1.37444678595
1.31811607165 1.42353417116
1.31811607165 1.32535940073
1.27482752344 1.37444678595
1.27482752344 1.47262155637
1.23095941734 1.52170894158
1.23095941734 1.42353417116
1.1863995523 1.47262155637
1.27482752344 1.27627201552
1.23095941734 1.32535940073
1.23095941734 1.22718463031
1.1863995523 1.27627201552
1.1863995523 1.37444678595
1.14102089549 1.42353417116
1.14102089549 1.32535940073
1.09467726588 1.37444678595
1.1863995523 1.57079632679
1.14102089549 1.61988371201
1.14102089549 1.52170894158
1.09467726588 1.57079632679
1.09467726588 1.66897109722
1.0471975512 1.71805848243
1.0471975512 1.61988371201
0.998377754702 1.66897109722
1.09467726588 1.47262155637
1.0471975512 1.52170894158
1.0471975512 1.42353417116
0.998377754702 1.47262155637
0.998377754702 1.57079632679
0.947969741383 1.61988371201
0.947969741383 1.52170894158
0.895664793858 1.57079632679
2.24592785973 3.14159265359
2.19362291221 3.1906800388
2.19362291221 3.09250526838
2.14321489889 3.14159265359
2.14321489889 3.23976742401
2.09439510239 3.28885480923
2.09439510239 3.1906800388
2.04691538771 3.23976742401
2.14321489889 3.04341788317
2.09439510239 3.09250526838
2.09439510239 2.99433049795
2.04691538771 3.04341788317
2.04691538771 3.14159265359
2.0005717581 3.1906800388
2.0005717581 3.09250526838
1.95519310129 3.14159265359
2.04691538771 3.33794219444
2.0005717581 3.38702957965
2.0005717581 3.28885480923
1.95519310129 3.33794219444
1.95519310129 3.43611696486
1.91063323625 3.48520435008
1.91063323625 3.38702957965
1.86676513015 3.43611696486
1.95519310129 3.23976742401
1.91063323625 3.28885480923
1.91063323625 3.1906800388
1.86676513015 3.23976742401
1.86676513015 3.33794219444
1.82347658194 3.38702957965
1.82347658194 3.28885480923
1.78066691906 3.33794219444
2.04691538771 2.94524311274
2.0005717581 2.99433049795
2.0005717581 2.89615572753
1.95519310129 2.94524311274
1.95519310129 3.04341788317
1.91063323625 3.09250526838
1.91063323625 2.99433049795
1.86676513015 3.04341788317
1.95519310129 2.84706834232
1.91063323625 2.89615572753
1.91063323625 2.7979809571
1.86676513015 2.84706834232
1.86676513015 2.94524311274
1.82347658194 2.99433049795
1.82347658194 2.89615572753
1.78066691906 2.94524311274
1.86676513015 3.14159265359
1.82347658194 3.1906800388
1.82347658194 3.09250526838
1.78066691906 3.14159265359
1.78066691906 3.23976742401
1.73824440601 3.28885480923
1.73824440601 3.1906800388
1.69612415796 3.23976742401
1.78066691906 3.04341788317
1.73824440601 3.09250526838
1.73824440601 2.99433049795
1.69612415796 3.04341788317
1.69612415796 3.14159265359
1.65422641341 3.1906800388
1.65422641341 3.09250526838
1.61247505922 3.14159265359
1.86676513015 3.53429173529
1.82347658194 3.5833791205
1.82347658194 3.48520435008
1.78066691906 3.53429173529
1.78066691906 3.63246650571
1.73824440601 3.68155389093
1.73824440601 3.5833791205
1.69612415796 3.63246650571
1.78066691906 3.43611696486
1.73824440601 3.48520435008
1.73824440601 3.38702957965
1.69612415796 3.43611696486
1.69612415796 3.53429173529
1.65422641341 3.5833791205
1.65422641341 3.48520435008
1.61247505922 3.53429173529
1.69612415796 3.73064127614
1.65422641341 3.77972866135
1.65422641341 3.68155389093
1.61247505922 3.73064127614
1.61247505922 3.82881604656
1.57079632679 3.87790343177
1.57079632679 3.77972866135
1.52911759437 3.82881604656
1.61247505922 3.63246650571
1.57079632679 3.68155389093
1.57079632679 3.5833791205
1.52911759437 3.63246650571
1.52911759437 3.73064127614
1.48736624018 3.77972866135
1.48736624018 3.68155389093
1.44546849563 3.73064127614
1.69612415796 3.33794219444
1.65422641341 3.38702957965
1.65422641341 3.28885480923
1.61247505922 3.33794219444
1.61247505922 3.43611696486
1.57079632679 3.48520435008
1.57079632679 3.38702957965
1.52911759437 3.43611696486
1.61247505922 3.23976742401
1.57079632679 3.28885480923
1.57079632679 3.1906800388
1.52911759437 3.23976742401
1.52911759437 3.33794219444
1.48736624018 3.38702957965
1.48736624018 3.28885480923
1.44546849563 3.33794219444
1.52911759437 3.53429173529
1.48736624018 3.5833791205
1.48736624018 3.48520435008
1.44546849563 3.53429173529
1.44546849563 3.63246650571
1.40334824758 3.68155389093
1.40334824758 3.5833791205
1.36092573453 3.63246650571
1.44546849563 3.43611696486
1.40334824758 3.48520435008
1.40334824758 3.38702957965
1.36092573453 3.43611696486
1.36092573453 3.53429173529
1.31811607165 3.5833791205
1.31811607165 3.48520435008
1.27482752344 3.53429173529
1.86676513015 2.74889357189
1.82347658194 2.7979809571
1.82347658194 2.69980618668
1.78066691906 2.74889357189
1.78066691906 2.84706834232
1.73824440601 2.89615572753
1.73824440601 2.7979809571
1.69612415796 2.84706834232
1.78066691906 2.65071880147
1.73824440601 2.69980618668
1.73824440601 2.60163141625
1.69612415796 2.65071880147
1.69612415796 2.74889357189
1.65422641341 2.7979809571
1.65422641341 2.69980618668
1.61247505922 2.74889357189
1.69612415796 2.94524311274
1.65422641341 2.99433049795
1.65422641341 2.89615572753
1.61247505922 2.94524311274
1.61247505922 3.04341788317
1.57079632679 3.09250526838
1.57079632679 2.99433049795
1.52911759437 3.04341788317
1.61247505922 2.84706834232
1.57079632679 2.89615572753
1.57079632679 2.7979809571
1.52911759437 2.84706834232
1.52911759437 2.94524311274
1.48736624018 2.99433049795
1.48736624018 2.89615572753
1.44546849563 2.94524311274
1.69612415796 2.55254403104
1.65422641341 2.60163141625
1.65422641341 2.50345664583
1.61247505922 2.55254403104
1.61247505922 2.65071880147
1.57079632679 2.69980618668
1.57079632679 2.60163141625
1.52911759437 2.65071880147
1.61247505922 2.45436926062
1.57079632679 2.50345664583
1.57079632679 2.4052818754
1.52911759437 2.45436926062
1.52911759437 2.55254403104
1.48736624018 2.60163141625
1.48736624018 2.50345664583
1.44546849563 2.55254403104
1.52911759437 2.74889357189
1.48736624018 2.7979809571
1.48736624018 2.69980618668
1.44546849563 2.74889357189
1.44546849563 2.84706834232
1.40334824758 2.89615572753
1.40334824758 2.7979809571
1.36092573453 2.84706834232
1.44546849563 2.65071880147
1.40334824758 2.69980618668
1.40334824758 2.60163141625
1.36092573453 2.65071880147
1.36092573453 2.74889357189
1.31811607165 2.7979809571
1.31811607165 2.69980618668
1.27482752344 2.74889357189
1.52911759437 3.14159265359
1.48736624018 3.1906800388
1.48736624018 3.09250526838
1.44546849563 3.14159265359
1.44546849563 3.23976742401
1.40334824758 3.28885480923
1.40334824758 3.1906800388
1.36092573453 3.23976742401
1.44546849563 3.04341788317
1.40334824758 3.09250526838
1.40334824758 2.99433049795
1.36092573453 3.04341788317
1.36092573453 3.14159265359
1.31811607165 3.1906800388
1.31811607165 3.09250526838
1.27482752344 3.14159265359
1.36092573453 3.33794219444
1.31811607165 3.38702957965
1.31811607165 3.28885480923
1.27482752344 3.33794219444
1.27482752344 3.43611696486
1.23095941734 3.48520435008
1.23095941734 3.38702957965
1.1863995523 3.43611696486
1.27482752344 3.23976742401
1.23095941734 3.28885480923
1.23095941734 3.1906800388
1.1863995523 3.23976742401
1.1863995523 3.33794219444
1.14102089549 3.38702957965
1.14102089549 3.28885480923
1.09467726588 3.33794219444
1.36092573453 2.94524311274
1.31811607165 2.99433049795
1.31811607165 2.89615572753
1.27482752344 2.94524311274
1.27482752344 3.04341788317
1.23095941734 3.09250526838
1.23095941734 2.99433049795
1.1863995523 3.04341788317
1.27482752344 2.84706834232
1.23095941734 2.89615572753
1.23095941734 2.7979809571
1.1863995523 2.84706834232
1.1863995523 2.94524311274
1.14102089549 2.99433049795
1.14102089549 2.89615572753
1.09467726588 2.94524311274
1.1863995523 3.14159265359
1.14102089549 3.1906800388
1.14102089549 3.09250526838
1.09467726588 3.14159265359
1.09467726588 3.23976742401
1.0471975512 3.28885480923
1.0471975512 3.1906800388
0.998377754702 3.23976742401
1.09467726588 3.04341788317
1.0471975512 3.09250526838
1.0471975512 2.99433049795
0.998377754702 3.04341788317
0.998377754702 3.14159265359
0.947969741383 3.1906800388
0.947969741383 3.09250526838
0.895664793858 3.14159265359
2.24592785973 4.71238898038
2.19362291221 4.7614763656
2.19362291221 4.66330159517
2.14321489889 4.71238898038
2.14321489889 4.81056375081
2.09439510239 4.85965113602
2.09439510239 4.7614763656
2.04691538771 4.81056375081
2.14321489889 4.61421420996
2.09439510239 4.66330159517
2.09439510239 4.56512682475
2.04691538771 4.61421420996
2.04691538771 4.71238898038
2.0005717581 4.7614763656
2.0005717581 4.66330159517
1.95519310129 4.71238898038
2.04691538771 4.90873852123
2.0005717581 4.95782590645
2.0005717581 4.85965113602
1.95519310129 4.90873852123
1.95519310129 5.00691329166
1.91063323625 5.05600067687
1.91063323625 4.95782590645
1.86676513015 5.00691329166
1.95519310129 4.81056375081
1.91063323625 4.85965113602
1.91063323625 4.7614763656
1.86676513015 4.81056375081
1.86676513015 4.90873852123
1.82347658194 4.95782590645
1.82347658194 4.85965113602
1.78066691906 4.90873852123
2.04691538771 4.51603943954
2.0005717581 4.56512682475
2.0005717581 4.46695205432
1.95519310129 4.51603943954
1.95519310129 4.61421420996
1.91063323625 4.66330159517
1.91063323625 4.56512682475
1.86676513015 4.61421420996
1.95519310129 4.41786466911
1.91063323625 4.46695205432
1.91063323625 4.3687772839
1.86676513015 4.41786466911
1.86676513015 4.51603943954
1.82347658194 4.56512682475
1.82347658194 4.46695205432
1.78066691906 4.51603943954
1.86676513015 4.71238898038
1.82347658194 4.7614763656
1.82347658194 4.66330159517
1.78066691906 4.71238898038
1.78066691906 4.81056375081
1.73824440601 4.85965113602
1.73824440601 4.7614763656
1.69612415796 4.81056375081
1.78066691906 4.61421420996
1.73824440601 4.66330159517
1.73824440601 4.56512682475
1.69612415796 4.61421420996
1.69612415796 4.71238898038
1.65422641341 4.7614763656
1.65422641341 4.66330159517
1.61247505922 4.71238898038
1.86676513015 5.10508806208
1.82347658194 5.1541754473
1.82347658194 5.05600067687
1.78066691906 5.10508806208
1.78066691906 5.20326283251
1.73824440601 5.25235021772
1.73824440601 5.1541754473
1.69612415796 5.20326283251
1.78066691906 5.00691329166
1.73824440601 5.05600067687
1.73824440601 4.95782590645
1.69612415796 5.00691329166
1.69612415796 5.10508806208
1.65422641341 5.1541754473
1.65422641341 5.05600067687
1.61247505922 5.10508806208
1.69612415796 5.30143760293
1.65422641341 5.35052498815
1.65422641341 5.25235021772
1.61247505922 5.30143760293
1.61247505922 5.39961237336
1.57079632679 5.44869975857
1.57079632679 5.35052498815
1.52911759437 5.39961237336
1.61247505922 5.20326283251
1.57079632679 5.25235021772
1.57079632679 5.1541754473
1.52911759437 5.20326283251
1.52911759437 5.30143760293
1.48736624018 5.35052498815
1.48736624018 5.25235021772
1.44546849563 5.30143760293
1.69612415796 4.90873852123
1.65422641341 4.95782590645
1.65422641341 4.85965113602
1.61247505922 4.90873852123
1.61247505922 5.00691329166
1.57079632679 5.05600067687
1.57079632679 4.95782590645
1.52911759437 5.00691329166
1.61247505922 4.81056375081
1.57079632679 4.85965113602
1.57079632679 4.7614763656
1.52911759437 4.81056375081
1.52911759437 4.90873852123
1.48736624018 4.95782590645
1.48736624018 4.85965113602
1.44546849563 4.90873852123
1.52911759437 5.10508806208
1.48736624018 5.1541754473
1.48736624018 5.05600067687
1.44546849563 5.10508806208
1.44546849563 5.20326283251
1.40334824758 5.25235021772
1.40334824758 5.1541754473
1.36092573453 5.20326283251
1.44546849563 5.00691329166
1.40334824758 5.05600067687
1.40334824758 4.95782590645
1.36092573453 5.00691329166
1.36092573453 5.10508806208
1.31811607165 5.1541754473
1.31811607165 5.05600067687
1.27482752344 5.10508806208
1.86676513015 4.31968989869
1.82347658194 4.3687772839
1.82347658194 4.27060251347
1.78066691906 4.31968989869
1.78066691906 4.41786466911
1.73824440601 4.46695205432
1.73824440601 4.3687772839
1.69612415796 4.41786466911
1.78066691906 4.22151512826
1.73824440601 4.27060251347
1.73824440601 4.17242774305
1.69612415796 4.22151512826
1.69612415796 4.31968989869
1.65422641341 4.3687772839
1.65422641341 4.27060251347
1.61247505922 4.31968989869
1.69612415796 4.51603943954
1.65422641341 4.56512682475
1.65422641341 4.46695205432
1.61247505922 4.51603943954
1.61247505922 4.61421420996
1.57079632679 4.66330159517
1.57079632679 4.56512682475
1.52911759437 4.61421420996
1.61247505922 4.41786466911
1.57079632679 4.46695205432
1.57079632679 4.3687772839
1.52911759437 4.41786466911
1.52911759437 4.51603943954
1.48736624018 4.56512682475
1.48736624018 4.46695205432
1.44546849563 4.51603943954
1.69612415796 4.12334035784
1.65422641341 4.17242774305
1.65422641341 4.07425297262
1.61247505922 4.12334035784
1.61247505922 4.22151512826
1.57079632679 4.27060251347
1.57079632679 4.17242774305
1.52911759437 4.22151512826
1.61247505922 4.02516558741
1.57079632679 4.07425297262
1.57079632679 3.9760782022
1.52911759437 4.02516558741
1.52911759437 4.12334035784
1.48736624018 4.17242774305
1.48736624018 4.07425297262
1.44546849563 4.12334035784
1.52911759437 4.31968989869
1.48736624018 4.3687772839
1.48736624018 4.27060251347
1.44546849563 4.31968989869
1.44546849563 4.41786466911
1.40334824758 4.46695205432
1.40334824758 4.3687772839
1.36092573453 4.41786466911
1.44546849563 4.22151512826
1.40334824758 4.27060251347
1.40334824758 4.17242774305
1.36092573453 4.22151512826
1.36092573453 4.31968989869
1.31811607165 4.3687772839
1.31811607165 4.27060251347
1.27482752344 4.31968989869
1.52911759437 4.71238898038
1.48736624018 4.7614763656
1.48736624018 4.66330159517
1.44546849563 4.71238898038
1.44546849563 4.81056375081
1.40334824758 4.85965113602
1.40334824758 4.7614763656
1.36092573453 4.81056375081
1.44546849563 4.61421420996
1.40334824758 4.66330159517
1.40334824758 4.56512682475
1.36092573453 4.61421420996
1.36092573453 4.71238898038
1.31811607165 4.7614763656
1.31811607165 4.66330159517
1.27482752344 4.71238898038
1.36092573453 4.90873852123
1.31811607165 4.95782590645
1.31811607165 4.85965113602
1.27482752344 4.90873852123
1.27482752344 5.00691329166
1.23095941734 5.05600067687
1.23095941734 4.95782590645
1.1863995523 5.00691329166
1.27482752344 4.81056375081
1.23095941734 4.85965113602
1.23095941734 4.7614763656
1.1863995523 4.81056375081
1.1863995523 4.90873852123
1.14102089549 4.95782590645
1.14102089549 4.85965113602
1.09467726588 4.90873852123
1.36092573453 4.51603943954
1.31811607165 4.56512682475
1.31811607165 4.46695205432
1.27482752344 4.51603943954
1.27482752344 4.61421420996
1.23095941734 4.66330159517
1.23095941734 4.56512682475
1.1863995523 4.61421420996
1.27482752344 4.41786466911
1.23095941734 4.46695205432
1.23095941734 4.3687772839
1.1863995523 4.41786466911
1.1863995523 4.51603943954
1.14102089549 4.56512682475
1.14102089549 4.46695205432
1.09467726588 4.51603943954
1.1863995523 4.71238898038
1.14102089549 4.7614763656
1.14102089549 4.66330159517
1.09467726588 4.71238898038
1.09467726588 4.81056375081
1.0471975512 4.85965113602
1.0471975512 4.7614763656
0.998377754702 4.81056375081
1.09467726588 4.61421420996
1.0471975512 4.66330159517
1.0471975512 4.56512682475
0.998377754702 4.61421420996
0.998377754702 4.71238898038
0.947969741383 4.7614763656
0.947969741383 4.66330159517
0.895664793858 4.71238898038
3.09055607844 0.785398163397
3.03948623121 1.1780972451
3.03948623121 0.392699081699
2.98834964409 0.785398163397
2.98834964409 1.308996939
2.93711245462 1.37444678595
2.93711245462 0.981747704247
2.88574020018 1.09955742876
2.98834964409 0.261799387799
2.93711245462 0.589048622548
2.93711245462 0.196349540849
2.88574020018 0.471238898038
2.88574020018 0.785398163397
2.83419760251 0.916297857297
2.83419760251 0.654498469498
2.78244833824 0.785398163397
2.88574020018 1.41371669412
2.83419760251 1.4398966329
2.83419760251 1.1780972451
2.78244833824 1.23419711391
2.78244833824 1.45859658917
2.73045479127 1.47262155637
2.73045479127 1.27627201552
2.67817778176 1.308996939
2.78244833824 1.00979763865
2.73045479127 1.07992247467
2.73045479127 0.883572933822
2.67817778176 0.959931088597
2.67817778176 1.1344640138
2.62557626623 1.1780972451
2.62557626623 1.02101761242
2.57260700164 1.07099749554
2.88574020018 0.157079632679
2.83419760251 0.392699081699
2.83419760251 0.1308996939
2.78244833824 0.336599212885
2.78244833824 0.560998688141
2.73045479127 0.687223392973
2.73045479127 0.490873852123
2.67817778176 0.610865238198
2.78244833824 0.112199737628
2.73045479127 0.294524311274
2.73045479127 0.0981747704247
2.67817778176 0.261799387799
2.67817778176 0.436332312999
2.62557626623 0.549778714378
2.62557626623 0.392699081699
2.57260700164 0.499798831253
2.67817778176 0.785398163397
2.62557626623 0.863937979737
2.62557626623 0.706858347058
2.57260700164 0.785398163397
2.57260700164 0.92819782947
2.51922416503 0.981747704247
2.51922416503 0.850848010347
2.46537891882 0.906228650074
2.57260700164 0.642598497325
2.51922416503 0.719948316448
2.51922416503 0.589048622548
2.46537891882 0.664567676721
2.46537891882 0.785398163397
2.41101890869 0.841498032212
2.41101890869 0.729298294583
2.35608767867 0.785398163397
2.67817778176 1.4835298642
2.62557626623 1.49225651046
2.62557626623 1.33517687778
2.57260700164 1.35659682769
2.57260700164 1.49939649376
2.51922416503 1.50534647985
2.51922416503 1.37444678595
2.46537891882 1.38955059678
2.57260700164 1.21379716161
2.51922416503 1.24354709205
2.51922416503 1.11264739815
2.46537891882 1.14788962343
2.46537891882 1.2687201101
2.41101890869 1.29029698272
2.41101890869 1.1780972451
2.35608767867 1.20427718388
2.46537891882 1.51038108346
2.41101890869 1.51469645798
2.41101890869 1.40249672035
2.35608767867 1.41371669412
2.35608767867 1.51843644924
2.30052398302 1.52170894158
2.30052398302 1.42353417116
2.24592785973 1.47262155637
2.35608767867 1.308996939
2.30052398302 1.32535940073
2.30052398302 1.22718463031
2.24592785973 1.27627201552
2.24592785973 1.37444678595
2.19362291221 1.42353417116
2.19362291221 1.32535940073
2.14321489889 1.37444678595
2.46537891882 1.02705913675
2.41101890869 1.06589750747
2.41101890869 0.95369776984
2.35608767867 0.994837673637
2.35608767867 1.09955742876
2.30052398302 1.12900985988
2.30052398302 1.03083508946
2.24592785973 1.07992247467
2.35608767867 0.890117918517
2.30052398302 0.932660319034
2.30052398302 0.83448554861
2.24592785973 0.883572933822
2.24592785973 0.981747704247
2.19362291221 1.03083508946
2.19362291221 0.932660319034
2.14321489889 0.981747704247
2.24592785973 1.1780972451
2.19362291221 1.22718463031
2.19362291221 1.12900985988
2.14321489889 1.1780972451
2.14321489889 1.27627201552
2.09439510239 1.32535940073
2.09439510239 1.22718463031
2.04691538771 1.27627201552
2.14321489889 1.07992247467
2.09439510239 1.12900985988
2.09439510239 1.03083508946
2.04691538771 1.07992247467
2.04691538771 1.1780972451
2.0005717581 1.22718463031
2.0005717581 1.12900985988
1.95519310129 1.1780972451
2.67817778176 0.0872664625997
2.62557626623 0.235619449019
2.62557626623 0.0785398163397
2.57260700164 0.214199499108
2.57260700164 0.356999165181
2.51922416503 0.458148928649
2.51922416503 0.327249234749
2.46537891882 0.422906703368
2.57260700164 0.0713998330361
2.51922416503 0.196349540849
2.51922416503 0.0654498469498
2.46537891882 0.181245730015
2.46537891882 0.302076216691
2.41101890869 0.392699081699
2.41101890869 0.280499344071
2.35608767867 0.366519142919
2.46537891882 0.543737190044
2.41101890869 0.617098556955
2.41101890869 0.504898819327
2.35608767867 0.575958653158
2.35608767867 0.680678408278
2.30052398302 0.736310778185
2.30052398302 0.63813600776
2.24592785973 0.687223392973
2.35608767867 0.471238898038
2.30052398302 0.539961237336
2.30052398302 0.441786466911
2.24592785973 0.490873852123
2.24592785973 0.589048622548
2.19362291221 0.63813600776
2.19362291221 0.539961237336
2.14321489889 0.589048622548
2.46537891882 0.0604152433383
2.41101890869 0.168299606442
2.41101890869 0.0560998688141
2.35608767867 0.157079632679
2.35608767867 0.261799387799
2.30052398302 0.343611696486
2.30052398302 0.245436926062
2.24592785973 0.294524311274
2.35608767867 0.0523598775598
2.30052398302 0.147262155637
2.30052398302 0.0490873852123
2.24592785973 0.0981747704247
2.24592785973 0.196349540849
2.19362291221 0.245436926062
2.19362291221 0.147262155637
2.14321489889 0.196349540849
2.24592785973 0.392699081699
2.19362291221 0.441786466911
2.19362291221 0.343611696486
2.14321489889 0.392699081699
2.14321489889 0.490873852123
2.09439510239 0.539961237336
2.09439510239 0.441786466911
2.04691538771 0.490873852123
2.14321489889 0.294524311274
2.09439510239 0.343611696486
2.09439510239 0.245436926062
2.04691538771 0.294524311274
2.04691538771 0.392699081699
2.0005717581 0.441786466911
2.0005717581 0.343611696486
1.95519310129 0.392699081699
2.24592785973 0.785398163397
2.19362291221 0.83448554861
2.19362291221 0.736310778185
2.14321489889 0.785398163397
2.14321489889 0.883572933822
2.09439510239 0.932660319034
2.09439510239 0.83448554861
2.04691538771 0.883572933822
2.14321489889 0.687223392973
2.09439510239 0.736310778185
2.09439510239 0.63813600776
2.04691538771 0.687223392973
2.04691538771 0.785398163397
2.0005717581 0.83448554861
2.0005717581 0.736310778185
1.95519310129 0.785398163397
2.04691538771 0.981747704247
2.0005717581 1.03083508946
2.0005717581 0.932660319034
1.95519310129 0.981747704247
1.95519310129 1.07992247467
1.91063323625 1.12900985988
1.91063323625 1.03083508946
1.86676513015 1.07992247467
1.95519310129 0.883572933822
1.91063323625 0.932660319034
1.91063323625 0.83448554861
1.86676513015 0.883572933822
1.86676513015 0.981747704247
1.82347658194 1.03083508946
1.82347658194 0.932660319034
1.78066691906 0.981747704247
2.04691538771 0.589048622548
2.0005717581 0.63813600776
2.0005717581 0.539961237336
1.95519310129 0.589048622548
1.95519310129 0.687223392973
1.91063323625 0.736310778185
1.91063323625 0.63813600776
1.86676513015 0.687223392973
1.95519310129 0.490873852123
1.91063323625 0.539961237336
1.91063323625 0.441786466911
1.86676513015 0.490873852123
1.86676513015 0.589048622548
1.82347658194 0.63813600776
1.82347658194 0.539961237336
1.78066691906 0.589048622548
1.86676513015 0.785398163397
1.82347658194 0.83448554861
1.82347658194 0.736310778185
1.78066691906 0.785398163397
1.78066691906 0.883572933822
1.73824440601 0.932660319034
1.73824440601 0.83448554861
1.69612415796 0.883572933822
1.78066691906 0.687223392973
1.73824440601 0.736310778185
1.73824440601 0.63813600776
1.69612415796 0.687223392973
1.69612415796 0.785398163397
1.65422641341 0.83448554861
1.65422641341 0.736310778185
1.61247505922 0.785398163397
3.09055607844 2.35619449019
3.03948623121 2.74889357189
3.03948623121 1.96349540849
2.98834964409 2.35619449019
2.98834964409 2.87979326579
2.93711245462 2.94524311274
2.93711245462 2.55254403104
2.88574020018 2.67035375555
2.98834964409 1.83259571459
2.93711245462 2.15984494934
2.93711245462 1.76714586764
2.88574020018 2.04203522483
2.88574020018 2.35619449019
2.83419760251 2.48709418409
2.83419760251 2.22529479629
2.78244833824 2.35619449019
2.88574020018 2.98451302091
2.83419760251 3.01069295969
2.83419760251 2.74889357189
2.78244833824 2.80499344071
2.78244833824 3.02939291596
2.73045479127 3.04341788317
2.73045479127 2.84706834232
2.67817778176 2.87979326579
2.78244833824 2.58059396545
2.73045479127 2.65071880147
2.73045479127 2.45436926062
2.67817778176 2.53072741539
2.67817778176 2.70526034059
2.62557626623 2.74889357189
2.62557626623 2.59181393921
2.57260700164 2.64179382234
2.88574020018 1.72787595947
2.83419760251 1.96349540849
2.83419760251 1.70169602069
2.78244833824 1.90739553968
2.78244833824 2.13179501494
2.73045479127 2.25801971977
2.73045479127 2.06167017892
2.67817778176 2.18166156499
2.78244833824 1.68299606442
2.73045479127 1.86532063807
2.73045479127 1.66897109722
2.67817778176 1.83259571459
2.67817778176 2.00712863979
2.62557626623 2.12057504117
2.62557626623 1.96349540849
2.57260700164 2.07059515805
2.67817778176 2.35619449019
2.62557626623 2.43473430653
2.62557626623 2.27765467385
2.57260700164 2.35619449019
2.57260700164 2.49899415626
2.51922416503 2.55254403104
2.51922416503 2.42164433714
2.46537891882 2.47702497687
2.57260700164 2.21339482412
2.51922416503 2.29074464324
2.51922416503 2.15984494934
2.46537891882 2.23536400352
2.46537891882 2.35619449019
2.41101890869 2.41229435901
2.41101890869 2.30009462138
2.35608767867 2.35619449019
2.67817778176 3.05432619099
2.62557626623 3.06305283725
2.62557626623 2.90597320457
2.57260700164 2.92739315448
2.57260700164 3.07019282055
2.51922416503 3.07614280664
2.51922416503 2.94524311274
2.46537891882 2.96034692357
2.57260700164 2.78459348841
2.51922416503 2.81434341884
2.51922416503 2.68344372494
2.46537891882 2.71868595022
2.46537891882 2.8395164369
2.41101890869 2.86109330952
2.41101890869 2.74889357189
2.35608767867 2.77507351067
2.46537891882 3.08117741025
2.41101890869 3.08549278478
2.41101890869 2.97329304715
2.35608767867 2.98451302091
2.35608767867 3.08923277603
2.30052398302 3.09250526838
2.30052398302 2.99433049795
2.24592785973 3.04341788317
2.35608767867 2.87979326579
2.30052398302 2.89615572753
2.30052398302 2.7979809571
2.24592785973 2.84706834232
2.24592785973 2.94524311274
2.19362291221 2.99433049795
2.19362291221 2.89615572753
2.14321489889 2.94524311274
2.46537891882 2.59785546355
2.41101890869 2.63669383426
2.41101890869 2.52449409663
2.35608767867 2.56563400043
2.35608767867 2.67035375555
2.30052398302 2.69980618668
2.30052398302 2.60163141625
2.24592785973 2.65071880147
2.35608767867 2.46091424531
2.30052398302 2.50345664583
2.30052398302 2.4052818754
2.24592785973 2.45436926062
2.24592785973 2.55254403104
2.19362291221 2.60163141625
2.19362291221 2.50345664583
2.14321489889 2.55254403104
2.24592785973 2.74889357189
2.19362291221 2.7979809571
2.19362291221 2.69980618668
2.14321489889 2.74889357189
2.14321489889 2.84706834232
2.09439510239 2.89615572753
2.09439510239 2.7979809571
2.04691538771 2.84706834232
2.14321489889 2.65071880147
2.09439510239 2.69980618668
2.09439510239 2.60163141625
2.04691538771 2.65071880147
2.04691538771 2.74889357189
2.0005717581 2.7979809571
2.0005717581 2.69980618668
1.95519310129 2.74889357189
2.67817778176 1.65806278939
2.62557626623 1.80641577581
2.62557626623 1.64933614313
2.57260700164 1.7849958259
2.57260700164 1.92779549198
2.51922416503 2.02894525544
2.51922416503 1.89804556154
2.46537891882 1.99370303016
2.57260700164 1.64219615983
2.51922416503 1.76714586764
2.51922416503 1.63624617374
2.46537891882 1.75204205681
2.46537891882 1.87287254349
2.41101890869 1.96349540849
2.41101890869 1.85129567087
2.35608767867 1.93731546971
2.46537891882 2.11453351684
2.41101890869 2.18789488375
2.41101890869 2.07569514612
2.35608767867 2.14675497995
2.35608767867 2.25147473507
2.30052398302 2.30710710498
2.30052398302 2.20893233456
2.24592785973 2.25801971977
2.35608767867 2.04203522483
2.30052398302 2.11075756413
2.30052398302 2.01258279371
2.24592785973 2.06167017892
2.24592785973 2.15984494934
2.19362291221 2.20893233456
2.19362291221 2.11075756413
2.14321489889 2.15984494934
2.46537891882 1.63121157013
2.41101890869 1.73909593324
2.41101890869 1.62689619561
2.35608767867 1.72787595947
2.35608767867 1.83259571459
2.30052398302 1.91440802328
2.30052398302 1.81623325286
2.24592785973 1.86532063807
2.35608767867 1.62315620435
2.30052398302 1.71805848243
2.30052398302 1.61988371201
2.24592785973 1.66897109722
2.24592785973 1.76714586764
2.19362291221 1.81623325286
2.19362291221 1.71805848243
2.14321489889 1.76714586764
2.24592785973 1.96349540849
2.19362291221 2.01258279371
2.19362291221 1.91440802328
2.14321489889 1.96349540849
2.14321489889 2.06167017892
2.09439510239 2.11075756413
2.09439510239 2.01258279371
2.04691538771 2.06167017892
2.14321489889 1.86532063807
2.09439510239 1.91440802328
2.09439510239 1.81623325286
2.04691538771 1.86532063807
2.04691538771 1.96349540849
2.0005717581 2.01258279371
2.0005717581 1.91440802328
1.95519310129 1.96349540849
2.24592785973 2.35619449019
2.19362291221 2.4052818754
2.19362291221 2.30710710498
2.14321489889 2.35619449019
2.14321489889 2.45436926062
2.09439510239 2.50345664583
2.09439510239 2.4052818754
2.04691538771 2.45436926062
2.14321489889 2.25801971977
2.09439510239 2.30710710498
2.09439510239 2.20893233456
2.04691538771 2.25801971977
2.04691538771 2.35619449019
2.0005717581 2.4052818754
2.0005717581 2.30710710498
1.95519310129 2.35619449019
2.04691538771 2.55254403104
2.0005717581 2.60163141625
2.0005717581 2.50345664583
1.95519310129 2.55254403104
1.95519310129 2.65071880147
1.91063323625 2.69980618668
1.91063323625 2.60163141625
1.86676513015 2.65071880147
1.95519310129 2.45436926062
1.91063323625 2.50345664583
1.91063323625 2.4052818754
1.86676513015 2.45436926062
1.86676513015 2.55254403104
1.82347658194 2.60163141625
1.82347658194 2.50345664583
1.78066691906 2.55254403104
2.04691538771 2.15984494934
2.0005717581 2.20893233456
2.0005717581 2.11075756413
1.95519310129 2.15984494934
1.95519310129 2.25801971977
1.91063323625 2.30710710498
1.91063323625 2.20893233456
1.86676513015 2.25801971977
1.95519310129 2.06167017892
1.91063323625 2.11075756413
1.91063323625 2.01258279371
1.86676513015 2.06167017892
1.86676513015 2.15984494934
1.82347658194 2.20893233456
1.82347658194 2.11075756413
1.78066691906 2.15984494934
1.86676513015 2.35619449019
1.82347658194 2.4052818754
1.82347658194 2.30710710498
1.78066691906 2.35619449019
1.78066691906 2.45436926062
1.73824440601 2.50345664583
1.73824440601 2.4052818754
1.69612415796 2.45436926062
1.78066691906 2.25801971977
1.73824440601 2.30710710498
1.73824440601 2.20893233456
1.69612415796 2.25801971977
1.69612415796 2.35619449019
1.65422641341 2.4052818754
1.65422641341 2.30710710498
1.61247505922 2.35619449019
3.09055607844 3.92699081699
3.03948623121 4.31968989869
3.03948623121 3.53429173529
2.98834964409 3.92699081699
2.98834964409 4.45058959259
2.93711245462 4.51603943954
2.93711245462 4.12334035784
2.88574020018 4.24115008235
2.98834964409 3.40339204139
2.93711245462 3.73064127614
2.93711245462 3.33794219444
2.88574020018 3.61283155163
2.88574020018 3.92699081699
2.83419760251 4.05789051089
2.83419760251 3.79609112309
2.78244833824 3.92699081699
2.88574020018 4.55530934771
2.83419760251 4.58148928649
2.83419760251 4.31968989869
2.78244833824 4.3757897675
2.78244833824 4.60018924276
2.73045479127 4.61421420996
2.73045479127 4.41786466911
2.67817778176 4.45058959259
2.78244833824 4.15139029224
2.73045479127 4.22151512826
2.73045479127 4.02516558741
2.67817778176 4.10152374219
2.67817778176 4.27605666739
2.62557626623 4.31968989869
2.62557626623 4.16261026601
2.57260700164 4.21259014913
2.88574020018 3.29867228627
2.83419760251 3.53429173529
2.83419760251 3.27249234749
2.78244833824 3.47819186647
2.78244833824 3.70259134173
2.73045479127 3.82881604656
2.73045479127 3.63246650571
2.67817778176 3.75245789179
2.78244833824 3.25379239122
2.73045479127 3.43611696486
2.73045479127 3.23976742401
2.67817778176 3.40339204139
2.67817778176 3.57792496659
2.62557626623 3.69137136797
2.62557626623 3.53429173529
2.57260700164 3.64139148484
2.67817778176 3.92699081699
2.62557626623 4.00553063333
2.62557626623 3.84845100065
2.57260700164 3.92699081699
2.57260700164 4.06979048306
2.51922416503 4.12334035784
2.51922416503 3.99244066394
2.46537891882 4.04782130366
2.57260700164 3.78419115091
2.51922416503 3.86154097004
2.51922416503 3.73064127614
2.46537891882 3.80616033031
2.46537891882 3.92699081699
2.41101890869 3.9830906858
2.41101890869 3.87089094817
2.35608767867 3.92699081699
2.67817778176 4.62512251778
2.62557626623 4.63384916404
2.62557626623 4.47676953137
2.57260700164 4.49818948128
2.57260700164 4.64098914735
2.51922416503 4.64693913343
2.51922416503 4.51603943954
2.46537891882 4.53114325037
2.57260700164 4.3553898152
2.51922416503 4.38513974564
2.51922416503 4.25424005174
2.46537891882 4.28948227702
2.46537891882 4.41031276369
2.41101890869 4.43188963631
2.41101890869 4.31968989869
2.35608767867 4.34586983747
2.46537891882 4.65197373705
2.41101890869 4.65628911157
2.41101890869 4.54408937394
2.35608767867 4.55530934771
2.35608767867 4.66002910282
2.30052398302 4.66330159517
2.30052398302 4.56512682475
2.24592785973 4.61421420996
2.35608767867 4.45058959259
2.30052398302 4.46695205432
2.30052398302 4.3687772839
2.24592785973 4.41786466911
2.24592785973 4.51603943954
2.19362291221 4.56512682475
2.19362291221 4.46695205432
2.14321489889 4.51603943954
2.46537891882 4.16865179034
2.41101890869 4.20749016106
2.41101890869 4.09529042343
2.35608767867 4.13643032723
2.35608767867 4.24115008235
2.30052398302 4.27060251347
2.30052398302 4.17242774305
2.24592785973 4.22151512826
2.35608767867 4.03171057211
2.30052398302 4.07425297262
2.30052398302 3.9760782022
2.24592785973 4.02516558741
2.24592785973 4.12334035784
2.19362291221 4.17242774305
2.19362291221 4.07425297262
2.14321489889 4.12334035784
2.24592785973 4.31968989869
2.19362291221 4.3687772839
2.19362291221 4.27060251347
2.14321489889 4.31968989869
2.14321489889 4.41786466911
2.09439510239 4.46695205432
2.09439510239 4.3687772839
2.04691538771 4.41786466911
2.14321489889 4.22151512826
2.09439510239 4.27060251347
2.09439510239 4.17242774305
2.04691538771 4.22151512826
2.04691538771 4.31968989869
2.0005717581 4.3687772839
2.0005717581 4.27060251347
1.95519310129 4.31968989869
2.67817778176 3.22885911619
2.62557626623 3.37721210261
2.62557626623 3.22013246993
2.57260700164 3.3557921527
2.57260700164 3.49859181877
2.51922416503 3.59974158224
2.51922416503 3.46884188834
2.46537891882 3.56449935696
2.57260700164 3.21299248663
2.51922416503 3.33794219444
2.51922416503 3.20704250054
2.46537891882 3.3228383836
2.46537891882 3.44366887028
2.41101890869 3.53429173529
2.41101890869 3.42209199766
2.35608767867 3.50811179651
2.46537891882 3.68532984363
2.41101890869 3.75869121054
2.41101890869 3.64649147292
2.35608767867 3.71755130675
2.35608767867 3.82227106187
2.30052398302 3.87790343177
2.30052398302 3.77972866135
2.24592785973 3.82881604656
2.35608767867 3.61283155163
2.30052398302 3.68155389093
2.30052398302 3.5833791205
2.24592785973 3.63246650571
2.24592785973 3.73064127614
2.19362291221 3.77972866135
2.19362291221 3.68155389093
2.14321489889 3.73064127614
2.46537891882 3.20200789693
2.41101890869 3.30989226003
2.41101890869 3.1976925224
2.35608767867 3.29867228627
2.35608767867 3.40339204139
2.30052398302 3.48520435008
2.30052398302 3.38702957965
2.24592785973 3.43611696486
2.35608767867 3.19395253115
2.30052398302 3.28885480923
2.30052398302 3.1906800388
2.24592785973 3.23976742401
2.24592785973 3.33794219444
2.19362291221 3.38702957965
2.19362291221 3.28885480923
2.14321489889 3.33794219444
2.24592785973 3.53429173529
2.19362291221 3.5833791205
2.19362291221 3.48520435008
2.14321489889 3.53429173529
2.14321489889 3.63246650571
2.09439510239 3.68155389093
2.09439510239 3.5833791205
2.04691538771 3.63246650571
2.14321489889 3.43611696486
2.09439510239 3.48520435008
2.09439510239 3.38702957965
2.04691538771 3.43611696486
2.04691538771 3.53429173529
2.0005717581 3.5833791205
2.0005717581 3.48520435008
1.95519310129 3.53429173529
2.24592785973 3.92699081699
2.19362291221 3.9760782022
2.19362291221 3.87790343177
2.14321489889 3.92699081699
2.14321489889 4.02516558741
2.09439510239 4.07425297262
2.09439510239 3.9760782022
2.04691538771 4.02516558741
2.14321489889 3.82881604656
2.09439510239 3.87790343177
2.09439510239 3.77972866135
2.04691538771 3.82881604656
2.04691538771 3.92699081699
2.0005717581 3.9760782022
2.0005717581 3.87790343177
1.95519310129 3.92699081699
2.04691538771 4.12334035784
2.0005717581 4.17242774305
2.0005717581 4.07425297262
1.95519310129 4.12334035784
1.95519310129 4.22151512826
1.91063323625 4.27060251347
1.91063323625 4.17242774305
1.86676513015 4.22151512826
1.95519310129 4.02516558741
1.91063323625 4.07425297262
1.91063323625 3.9760782022
1.86676513015 4.02516558741
1.86676513015 4.12334035784
1.82347658194 4.17242774305
1.82347658194 4.07425297262
1.78066691906 4.12334035784
2.04691538771 3.73064127614
2.0005717581 3.77972866135
2.0005717581 3.68155389093
1.95519310129 3.73064127614
1.95519310129 3.82881604656
1.91063323625 3.87790343177
1.91063323625 3.77972866135
1.86676513015 3.82881604656
1.95519310129 3.63246650571
1.91063323625 3.68155389093
1.91063323625 3.5833791205
1.86676513015 3.63246650571
1.86676513015 3.73064127614
1.82347658194 3.77972866135
1.82347658194 3.68155389093
1.78066691906 3.73064127614
1.86676513015 3.92699081699
1.82347658194 3.9760782022
1.82347658194 3.87790343177
1.78066691906 3.92699081699
1.78066691906 4.02516558741
1.73824440601 4.07425297262
1.73824440601 3.9760782022
1.69612415796 4.02516558741
1.78066691906 3.82881604656
1.73824440601 3.87790343177
1.73824440601 3.77972866135
1.69612415796 3.82881604656
1.69612415796 3.92699081699
1.65422641341 3.9760782022
1.65422641341 3.87790343177
1.61247505922 3.92699081699
3.09055607844 5.49778714378
3.03948623121 5.89048622548
3.03948623121 5.10508806208
2.98834964409 5.49778714378
2.98834964409 6.02138591938
2.93711245462 6.08683576633
2.93711245462 5.69413668463
2.88574020018 5.81194640914
2.98834964409 4.97418836818
2.93711245462 5.30143760293
2.93711245462 4.90873852123
2.88574020018 5.18362787842
2.88574020018 5.49778714378
2.83419760251 5.62868683768
2.83419760251 5.36688744988
2.78244833824 5.49778714378
2.88574020018 6.1261056745
2.83419760251 6.15228561328
2.83419760251 5.89048622548
2.78244833824 5.94658609429
2.78244833824 6.17098556955
2.73045479127 6.18501053675
2.73045479127 5.98866099591
2.67817778176 6.02138591938
2.78244833824 5.72218661904
2.73045479127 5.79231145506
2.73045479127 5.59596191421
2.67817778176 5.67232006898
2.67817778176 5.84685299418
2.62557626623 5.89048622548
2.62557626623 5.7334065928
2.57260700164 5.78338647593
2.88574020018 4.86946861306
2.83419760251 5.10508806208
2.83419760251 4.84328867428
2.78244833824 5.04898819327
2.78244833824 5.27338766853
2.73045479127 5.39961237336
2.73045479127 5.20326283251
2.67817778176 5.32325421858
2.78244833824 4.82458871801
2.73045479127 5.00691329166
2.73045479127 4.81056375081
2.67817778176 4.97418836818
2.67817778176 5.14872129338
2.62557626623 5.26216769476
2.62557626623 5.10508806208
2.57260700164 5.21218781164
2.67817778176 5.49778714378
2.62557626623 5.57632696012
2.62557626623 5.41924732744
2.57260700164 5.49778714378
2.57260700164 5.64058680985
2.51922416503 5.69413668463
2.51922416503 5.56323699073
2.46537891882 5.61861763046
2.57260700164 5.35498747771
2.51922416503 5.43233729683
2.51922416503 5.30143760293
2.46537891882 5.37695665711
2.46537891882 5.49778714378
2.41101890869 5.5538870126
2.41101890869 5.44168727497
2.35608767867 5.49778714378
2.67817778176 6.19591884458
2.62557626623 6.20464549084
2.62557626623 6.04756585816
2.57260700164 6.06898580807
2.57260700164 6.21178547414
2.51922416503 6.21773546023
2.51922416503 6.08683576633
2.46537891882 6.10193957716
2.57260700164 5.926186142
2.51922416503 5.95593607243
2.51922416503 5.82503637853
2.46537891882 5.86027860381
2.46537891882 5.98110909049
2.41101890869 6.00268596311
2.41101890869 5.89048622548
2.35608767867 5.91666616426
2.46537891882 6.22277006384
2.41101890869 6.22708543837
2.41101890869 6.11488570074
2.35608767867 6.1261056745
2.35608767867 6.23082542962
2.30052398302 6.23409792197
2.30052398302 6.13592315154
2.24592785973 6.18501053675
2.35608767867 6.02138591938
2.30052398302 6.03774838112
2.30052398302 5.93957361069
2.24592785973 5.98866099591
2.24592785973 6.08683576633
2.19362291221 6.13592315154
2.19362291221 6.03774838112
2.14321489889 6.08683576633
2.46537891882 5.73944811714
2.41101890869 5.77828648785
2.41101890869 5.66608675022
2.35608767867 5.70722665402
2.35608767867 5.81194640914
2.30052398302 5.84139884027
2.30052398302 5.74322406984
2.24592785973 5.79231145506
2.35608767867 5.6025068989
2.30052398302 5.64504929942
2.30052398302 5.54687452899
2.24592785973 5.59596191421
2.24592785973 5.69413668463
2.19362291221 5.74322406984
2.19362291221 5.64504929942
2.14321489889 5.69413668463
2.24592785973 5.89048622548
2.19362291221 5.93957361069
2.19362291221 5.84139884027
2.14321489889 5.89048622548
2.14321489889 5.98866099591
2.09439510239 6.03774838112
2.09439510239 5.93957361069
2.04691538771 5.98866099591
2.14321489889 5.79231145506
2.09439510239 5.84139884027
2.09439510239 5.74322406984
2.04691538771 5.79231145506
2.04691538771 5.89048622548
2.0005717581 5.93957361069
2.0005717581 5.84139884027
1.95519310129 5.89048622548
2.67817778176 4.79965544298
2.62557626623 4.9480084294
2.62557626623 4.79092879672
2.57260700164 4.92658847949
2.57260700164 5.06938814557
2.51922416503 5.17053790903
2.51922416503 5.03963821513
2.46537891882 5.13529568375
2.57260700164 4.78378881342
2.51922416503 4.90873852123
2.51922416503 4.77783882733
2.46537891882 4.8936347104
2.46537891882 5.01446519708
2.41101890869 5.10508806208
2.41101890869 4.99288832446
2.35608767867 5.0789081233
2.46537891882 5.25612617043
2.41101890869 5.32948753734
2.41101890869 5.21728779971
2.35608767867 5.28834763354
2.35608767867 5.39306738866
2.30052398302 5.44869975857
2.30052398302 5.35052498815
2.24592785973 5.39961237336
2.35608767867 5.18362787842
2.30052398302 5.25235021772
2.30052398302 5.1541754473
2.24592785973 5.20326283251
2.24592785973 5.30143760293
2.19362291221 5.35052498815
2.19362291221 5.25235021772
2.14321489889 5.30143760293
2.46537891882 4.77280422372
2.41101890869 4.88068858683
2.41101890869 4.7684888492
2.35608767867 4.86946861306
2.35608767867 4.97418836818
2.30052398302 5.05600067687
2.30052398302 4.95782590645
2.24592785973 5.00691329166
2.35608767867 4.76474885794
2.30052398302 4.85965113602
2.30052398302 4.7614763656
2.24592785973 4.81056375081
2.24592785973 4.90873852123
2.19362291221 4.95782590645
2.19362291221 4.85965113602
2.14321489889 4.90873852123
2.24592785973 5.10508806208
2.19362291221 5.1541754473
2.19362291221 5.05600067687
2.14321489889 5.10508806208
2.14321489889 5.20326283251
2.09439510239 5.25235021772
2.09439510239 5.1541754473
2.04691538771 5.20326283251
2.14321489889 5.00691329166
2.09439510239 5.05600067687
2.09439510239 4.95782590645
2.04691538771 5.00691329166
2.04691538771 5.10508806208
2.0005717581 5.1541754473
2.0005717581 5.05600067687
1.95519310129 5.10508806208
2.24592785973 5.49778714378
2.19362291221 5.54687452899
2.19362291221 5.44869975857
2.14321489889 5.49778714378
2.14321489889 5.59596191421
2.09439510239 5.64504929942
2.09439510239 5.54687452899
2.04691538771 5.59596191421
2.14321489889 5.39961237336
2.09439510239 5.44869975857
2.09439510239 5.35052498815
2.04691538771 5.39961237336
2.04691538771 5.49778714378
2.0005717581 5.54687452899
2.0005717581 5.44869975857
1.95519310129 5.49778714378
2.04691538771 5.69413668463
2.0005717581 5.74322406984
2.0005717581 5.64504929942
1.95519310129 5.69413668463
1.95519310129 5.79231145506
1.91063323625 5.84139884027
1.91063323625 5.74322406984
1.86676513015 5.79231145506
1.95519310129 5.59596191421
1.91063323625 5.64504929942
1.91063323625 5.54687452899
1.86676513015 5.59596191421
1.86676513015 5.69413668463
1.82347658194 5.74322406984
1.82347658194 5.64504929942
1.78066691906 5.69413668463
2.04691538771 5.30143760293
2.0005717581 5.35052498815
2.0005717581 5.25235021772
1.95519310129 5.30143760293
1.95519310129 5.39961237336
1.91063323625 5.44869975857
1.91063323625 5.35052498815
1.86676513015 5.39961237336
1.95519310129 5.20326283251
1.91063323625 5.25235021772
1.91063323625 5.1541754473
1.86676513015 5.20326283251
1.86676513015 5.30143760293
1.82347658194 5.35052498815
1.82347658194 5.25235021772
1.78066691906 5.30143760293
1.86676513015 5.49778714378
1.82347658194 5.54687452899
1.82347658194 5.44869975857
1.78066691906 5.49778714378
1.78066691906 5.59596191421
1.73824440601 5.64504929942
1.73824440601 5.54687452899
1.69612415796 5.59596191421
1.78066691906 5.39961237336
1.73824440601 5.44869975857
1.73824440601 5.35052498815
1.69612415796 5.39961237336
1.69612415796 5.49778714378
1.65422641341 5.54687452899
1.65422641341 5.44869975857
1.61247505922 5.49778714378
