0.05104 0.78540
0.05104 2.35619
0.05104 3.92699
0.05104 5.49779
0.10211 0.39270
0.10211 1.17810
0.10211 1.96350
0.10211 2.74889
0.10211 3.53429
0.10211 4.31969
0.10211 5.10509
0.10211 5.89049
0.15324 0.26180
0.15324 0.78540
0.15324 1.30900
0.15324 1.83260
0.15324 2.35619
0.15324 2.87979
0.15324 3.40339
0.15324 3.92699
0.15324 4.45059
0.15324 4.97419
0.15324 5.49779
0.15324 6.02139
0.20448 0.19635
0.20448 0.58905
0.20448 0.98175
0.20448 1.37445
0.20448 1.76715
0.20448 2.15984
0.20448 2.55254
0.20448 2.94524
0.20448 3.33794
0.20448 3.73064
0.20448 4.12334
0.20448 4.51604
0.20448 4.90874
0.20448 5.30144
0.20448 5.69414
0.20448 6.08684
0.25585 0.15708
0.25585 0.47124
0.25585 0.78540
0.25585 1.09956
0.25585 1.41372
0.25585 1.72788
0.25585 2.04204
0.25585 2.35619
0.25585 2.67035
0.25585 2.98451
0.25585 3.29867
0.25585 3.61283
0.25585 3.92699
0.25585 4.24115
0.25585 4.55531
0.25585 4.86947
0.25585 5.18363
0.25585 5.49779
0.25585 5.81195
0.25585 6.12611
0.30740 0.13090
0.30740 0.39270
0.30740 0.65450
0.30740 0.91630
0.30740 1.17810
0.30740 1.43990
0.30740 1.70170
0.30740 1.96350
0.30740 2.22529
0.30740 2.48709
0.30740 2.74889
0.30740 3.01069
0.30740 3.27249
0.30740 3.53429
0.30740 3.79609
0.30740 4.05789
0.30740 4.31969
0.30740 4.58149
0.30740 4.84329
0.30740 5.10509
0.30740 5.36689
0.30740 5.62869
0.30740 5.89049
0.30740 6.15229
0.35914 0.11220
0.35914 0.33660
0.35914 0.56100
0.35914 0.78540
0.35914 1.00980
0.35914 1.23420
0.35914 1.45860
0.35914 1.68300
0.35914 1.90740
0.35914 2.13180
0.35914 2.35619
0.35914 2.58059
0.35914 2.80499
0.35914 3.02939
0.35914 3.25379
0.35914 3.47819
0.35914 3.70259
0.35914 3.92699
0.35914 4.15139
0.35914 4.37579
0.35914 4.60019
0.35914 4.82459
0.35914 5.04899
0.35914 5.27339
0.35914 5.49779
0.35914 5.72219
0.35914 5.94659
0.35914 6.17099
0.41114 0.09817
0.41114 0.29452
0.41114 0.49087
0.41114 0.68722
0.41114 0.88357
0.41114 1.07992
0.41114 1.27627
0.41114 1.47262
0.41114 1.66897
0.41114 1.86532
0.41114 2.06167
0.41114 2.25802
0.41114 2.45437
0.41114 2.65072
0.41114 2.84707
0.41114 3.04342
0.41114 3.23977
0.41114 3.43612
0.41114 3.63247
0.41114 3.82882
0.41114 4.02517
0.41114 4.22152
0.41114 4.41786
0.41114 4.61421
0.41114 4.81056
0.41114 5.00691
0.41114 5.20326
0.41114 5.39961
0.41114 5.59596
0.41114 5.79231
0.41114 5.98866
0.41114 6.18501
0.46341 0.08727
0.46341 0.26180
0.46341 0.43633
0.46341 0.61087
0.46341 0.78540
0.46341 0.95993
0.46341 1.13446
0.46341 1.30900
0.46341 1.48353
0.46341 1.65806
0.46341 1.83260
0.46341 2.00713
0.46341 2.18166
0.46341 2.35619
0.46341 2.53073
0.46341 2.70526
0.46341 2.87979
0.46341 3.05433
0.46341 3.22886
0.46341 3.40339
0.46341 3.57792
0.46341 3.75246
0.46341 3.92699
0.46341 4.10152
0.46341 4.27606
0.46341 4.45059
0.46341 4.62512
0.46341 4.79966
0.46341 4.97419
0.46341 5.14872
0.46341 5.32325
0.46341 5.49779
0.46341 5.67232
0.46341 5.84685
0.46341 6.02139
0.46341 6.19592
0.51602 0.07854
0.51602 0.23562
0.51602 0.39270
0.51602 0.54978
0.51602 0.70686
0.51602 0.86394
0.51602 1.02102
0.51602 1.17810
0.51602 1.33518
0.51602 1.49226
0.51602 1.64934
0.51602 1.80642
0.51602 1.96350
0.51602 2.12058
0.51602 2.27765
0.51602 2.43473
0.51602 2.59181
0.51602 2.74889
0.51602 2.90597
0.51602 3.06305
0.51602 3.22013
0.51602 3.37721
0.51602 3.53429
0.51602 3.69137
0.51602 3.84845
0.51602 4.00553
0.51602 4.16261
0.51602 4.31969
0.51602 4.47677
0.51602 4.63385
0.51602 4.79093
0.51602 4.94801
0.51602 5.10509
0.51602 5.26217
0.51602 5.41925
0.51602 5.57633
0.51602 5.73341
0.51602 5.89049
0.51602 6.04757
0.51602 6.20465
0.56899 0.07140
0.56899 0.21420
0.56899 0.35700
0.56899 0.49980
0.56899 0.64260
0.56899 0.78540
0.56899 0.92820
0.56899 1.07100
0.56899 1.21380
0.56899 1.35660
0.56899 1.49940
0.56899 1.64220
0.56899 1.78500
0.56899 1.92780
0.56899 2.07060
0.56899 2.21339
0.56899 2.35619
0.56899 2.49899
0.56899 2.64179
0.56899 2.78459
0.56899 2.92739
0.56899 3.07019
0.56899 3.21299
0.56899 3.35579
0.56899 3.49859
0.56899 3.64139
0.56899 3.78419
0.56899 3.92699
0.56899 4.06979
0.56899 4.21259
0.56899 4.35539
0.56899 4.49819
0.56899 4.64099
0.56899 4.78379
0.56899 4.92659
0.56899 5.06939
0.56899 5.21219
0.56899 5.35499
0.56899 5.49779
0.56899 5.64059
0.56899 5.78339
0.56899 5.92619
0.56899 6.06899
0.56899 6.21179
0.62237 0.06545
0.62237 0.19635
0.62237 0.32725
0.62237 0.45815
0.62237 0.58905
0.62237 0.71995
0.62237 0.85085
0.62237 0.98175
0.62237 1.11265
0.62237 1.24355
0.62237 1.37445
0.62237 1.50535
0.62237 1.63625
0.62237 1.76715
0.62237 1.89805
0.62237 2.02895
0.62237 2.15984
0.62237 2.29074
0.62237 2.42164
0.62237 2.55254
0.62237 2.68344
0.62237 2.81434
0.62237 2.94524
0.62237 3.07614
0.62237 3.20704
0.62237 3.33794
0.62237 3.46884
0.62237 3.59974
0.62237 3.73064
0.62237 3.86154
0.62237 3.99244
0.62237 4.12334
0.62237 4.25424
0.62237 4.38514
0.62237 4.51604
0.62237 4.64694
0.62237 4.77784
0.62237 4.90874
0.62237 5.03964
0.62237 5.17054
0.62237 5.30144
0.62237 5.43234
0.62237 5.56324
0.62237 5.69414
0.62237 5.82504
0.62237 5.95594
0.62237 6.08684
0.62237 6.21774
0.67621 0.06042
0.67621 0.18125
0.67621 0.30208
0.67621 0.42291
0.67621 0.54374
0.67621 0.66457
0.67621 0.78540
0.67621 0.90623
0.67621 1.02706
0.67621 1.14789
0.67621 1.26872
0.67621 1.38955
0.67621 1.51038
0.67621 1.63121
0.67621 1.75204
0.67621 1.87287
0.67621 1.99370
0.67621 2.11453
0.67621 2.23536
0.67621 2.35619
0.67621 2.47702
0.67621 2.59786
0.67621 2.71869
0.67621 2.83952
0.67621 2.96035
0.67621 3.08118
0.67621 3.20201
0.67621 3.32284
0.67621 3.44367
0.67621 3.56450
0.67621 3.68533
0.67621 3.80616
0.67621 3.92699
0.67621 4.04782
0.67621 4.16865
0.67621 4.28948
0.67621 4.41031
0.67621 4.53114
0.67621 4.65197
0.67621 4.77280
0.67621 4.89363
0.67621 5.01447
0.67621 5.13530
0.67621 5.25613
0.67621 5.37696
0.67621 5.49779
0.67621 5.61862
0.67621 5.73945
0.67621 5.86028
0.67621 5.98111
0.67621 6.10194
0.67621 6.22277
0.73057 0.05610
0.73057 0.16830
0.73057 0.28050
0.73057 0.39270
0.73057 0.50490
0.73057 0.61710
0.73057 0.72930
0.73057 0.84150
0.73057 0.95370
0.73057 1.06590
0.73057 1.17810
0.73057 1.29030
0.73057 1.40250
0.73057 1.51470
0.73057 1.62690
0.73057 1.73910
0.73057 1.85130
0.73057 1.96350
0.73057 2.07570
0.73057 2.18789
0.73057 2.30009
0.73057 2.41229
0.73057 2.52449
0.73057 2.63669
0.73057 2.74889
0.73057 2.86109
0.73057 2.97329
0.73057 3.08549
0.73057 3.19769
0.73057 3.30989
0.73057 3.42209
0.73057 3.53429
0.73057 3.64649
0.73057 3.75869
0.73057 3.87089
0.73057 3.98309
0.73057 4.09529
0.73057 4.20749
0.73057 4.31969
0.73057 4.43189
0.73057 4.54409
0.73057 4.65629
0.73057 4.76849
0.73057 4.88069
0.73057 4.99289
0.73057 5.10509
0.73057 5.21729
0.73057 5.32949
0.73057 5.44169
0.73057 5.55389
0.73057 5.66609
0.73057 5.77829
0.73057 5.89049
0.73057 6.00269
0.73057 6.11489
0.73057 6.22709
0.78550 0.05236
0.78550 0.15708
0.78550 0.26180
0.78550 0.36652
0.78550 0.47124
0.78550 0.57596
0.78550 0.68068
0.78550 0.78540
0.78550 0.89012
0.78550 0.99484
0.78550 1.09956
0.78550 1.20428
0.78550 1.30900
0.78550 1.41372
0.78550 1.51844
0.78550 1.62316
0.78550 1.72788
0.78550 1.83260
0.78550 1.93732
0.78550 2.04204
0.78550 2.14675
0.78550 2.25147
0.78550 2.35619
0.78550 2.46091
0.78550 2.56563
0.78550 2.67035
0.78550 2.77507
0.78550 2.87979
0.78550 2.98451
0.78550 3.08923
0.78550 3.19395
0.78550 3.29867
0.78550 3.40339
0.78550 3.50811
0.78550 3.61283
0.78550 3.71755
0.78550 3.82227
0.78550 3.92699
0.78550 4.03171
0.78550 4.13643
0.78550 4.24115
0.78550 4.34587
0.78550 4.45059
0.78550 4.55531
0.78550 4.66003
0.78550 4.76475
0.78550 4.86947
0.78550 4.97419
0.78550 5.07891
0.78550 5.18363
0.78550 5.28835
0.78550 5.39307
0.78550 5.49779
0.78550 5.60251
0.78550 5.70723
0.78550 5.81195
0.78550 5.91667
0.78550 6.02139
0.78550 6.12611
0.78550 6.23083
0.84107 0.04909
0.84107 0.14726
0.84107 0.24544
0.84107 0.34361
0.84107 0.44179
0.84107 0.53996
0.84107 0.63814
0.84107 0.73631
0.84107 0.83449
0.84107 0.93266
0.84107 1.03084
0.84107 1.12901
0.84107 1.22718
0.84107 1.32536
0.84107 1.42353
0.84107 1.52171
0.84107 1.61988
0.84107 1.71806
0.84107 1.81623
0.84107 1.91441
0.84107 2.01258
0.84107 2.11076
0.84107 2.20893
0.84107 2.30711
0.84107 2.40528
0.84107 2.50346
0.84107 2.60163
0.84107 2.69981
0.84107 2.79798
0.84107 2.89616
0.84107 2.99433
0.84107 3.09251
0.84107 3.19068
0.84107 3.28885
0.84107 3.38703
0.84107 3.48520
0.84107 3.58338
0.84107 3.68155
0.84107 3.77973
0.84107 3.87790
0.84107 3.97608
0.84107 4.07425
0.84107 4.17243
0.84107 4.27060
0.84107 4.36878
0.84107 4.46695
0.84107 4.56513
0.84107 4.66330
0.84107 4.76148
0.84107 4.85965
0.84107 4.95783
0.84107 5.05600
0.84107 5.15418
0.84107 5.25235
0.84107 5.35052
0.84107 5.44870
0.84107 5.54687
0.84107 5.64505
0.84107 5.74322
0.84107 5.84140
0.84107 5.93957
0.84107 6.03775
0.84107 6.13592
0.84107 6.23410
0.89566 0.09817
0.89566 0.19635
0.89566 0.29452
0.89566 0.39270
0.89566 0.49087
0.89566 0.58905
0.89566 0.68722
0.89566 0.78540
0.89566 0.88357
0.89566 0.98175
0.89566 1.07992
0.89566 1.17810
0.89566 1.27627
0.89566 1.37445
0.89566 1.47262
0.89566 1.57080
0.89566 1.66897
0.89566 1.76715
0.89566 1.86532
0.89566 1.96350
0.89566 2.06167
0.89566 2.15984
0.89566 2.25802
0.89566 2.35619
0.89566 2.45437
0.89566 2.55254
0.89566 2.65072
0.89566 2.74889
0.89566 2.84707
0.89566 2.94524
0.89566 3.04342
0.89566 3.14159
0.89566 3.23977
0.89566 3.33794
0.89566 3.43612
0.89566 3.53429
0.89566 3.63247
0.89566 3.73064
0.89566 3.82882
0.89566 3.92699
0.89566 4.02517
0.89566 4.12334
0.89566 4.22152
0.89566 4.31969
0.89566 4.41786
0.89566 4.51604
0.89566 4.61421
0.89566 4.71239
0.89566 4.81056
0.89566 4.90874
0.89566 5.00691
0.89566 5.10509
0.89566 5.20326
0.89566 5.30144
0.89566 5.39961
0.89566 5.49779
0.89566 5.59596
0.89566 5.69414
0.89566 5.79231
0.89566 5.89049
0.89566 5.98866
0.89566 6.08684
0.89566 6.18501
0.89566 6.28319
0.94797 0.04909
0.94797 0.14726
0.94797 0.24544
0.94797 0.34361
0.94797 0.44179
0.94797 0.53996
0.94797 0.63814
0.94797 0.73631
0.94797 0.83449
0.94797 0.93266
0.94797 1.03084
0.94797 1.12901
0.94797 1.22718
0.94797 1.32536
0.94797 1.42353
0.94797 1.52171
0.94797 1.61988
0.94797 1.71806
0.94797 1.81623
0.94797 1.91441
0.94797 2.01258
0.94797 2.11076
0.94797 2.20893
0.94797 2.30711
0.94797 2.40528
0.94797 2.50346
0.94797 2.60163
0.94797 2.69981
0.94797 2.79798
0.94797 2.89616
0.94797 2.99433
0.94797 3.09251
0.94797 3.19068
0.94797 3.28885
0.94797 3.38703
0.94797 3.48520
0.94797 3.58338
0.94797 3.68155
0.94797 3.77973
0.94797 3.87790
0.94797 3.97608
0.94797 4.07425
0.94797 4.17243
0.94797 4.27060
0.94797 4.36878
0.94797 4.46695
0.94797 4.56513
0.94797 4.66330
0.94797 4.76148
0.94797 4.85965
0.94797 4.95783
0.94797 5.05600
0.94797 5.15418
0.94797 5.25235
0.94797 5.35052
0.94797 5.44870
0.94797 5.54687
0.94797 5.64505
0.94797 5.74322
0.94797 5.84140
0.94797 5.93957
0.94797 6.03775
0.94797 6.13592
0.94797 6.23410
0.99838 0.09817
0.99838 0.19635
0.99838 0.29452
0.99838 0.39270
0.99838 0.49087
0.99838 0.58905
0.99838 0.68722
0.99838 0.78540
0.99838 0.88357
0.99838 0.98175
0.99838 1.07992
0.99838 1.17810
0.99838 1.27627
0.99838 1.37445
0.99838 1.47262
0.99838 1.57080
0.99838 1.66897
0.99838 1.76715
0.99838 1.86532
0.99838 1.96350
0.99838 2.06167
0.99838 2.15984
0.99838 2.25802
0.99838 2.35619
0.99838 2.45437
0.99838 2.55254
0.99838 2.65072
0.99838 2.74889
0.99838 2.84707
0.99838 2.94524
0.99838 3.04342
0.99838 3.14159
0.99838 3.23977
0.99838 3.33794
0.99838 3.43612
0.99838 3.53429
0.99838 3.63247
0.99838 3.73064
0.99838 3.82882
0.99838 3.92699
0.99838 4.02517
0.99838 4.12334
0.99838 4.22152
0.99838 4.31969
0.99838 4.41786
0.99838 4.51604
0.99838 4.61421
0.99838 4.71239
0.99838 4.81056
0.99838 4.90874
0.99838 5.00691
0.99838 5.10509
0.99838 5.20326
0.99838 5.30144
0.99838 5.39961
0.99838 5.49779
0.99838 5.59596
0.99838 5.69414
0.99838 5.79231
0.99838 5.89049
0.99838 5.98866
0.99838 6.08684
0.99838 6.18501
0.99838 6.28319
1.04720 0.04909
1.04720 0.14726
1.04720 0.24544
1.04720 0.34361
1.04720 0.44179
1.04720 0.53996
1.04720 0.63814
1.04720 0.73631
1.04720 0.83449
1.04720 0.93266
1.04720 1.03084
1.04720 1.12901
1.04720 1.22718
1.04720 1.32536
1.04720 1.42353
1.04720 1.52171
1.04720 1.61988
1.04720 1.71806
1.04720 1.81623
1.04720 1.91441
1.04720 2.01258
1.04720 2.11076
1.04720 2.20893
1.04720 2.30711
1.04720 2.40528
1.04720 2.50346
1.04720 2.60163
1.04720 2.69981
1.04720 2.79798
1.04720 2.89616
1.04720 2.99433
1.04720 3.09251
1.04720 3.19068
1.04720 3.28885
1.04720 3.38703
1.04720 3.48520
1.04720 3.58338
1.04720 3.68155
1.04720 3.77973
1.04720 3.87790
1.04720 3.97608
1.04720 4.07425
1.04720 4.17243
1.04720 4.27060
1.04720 4.36878
1.04720 4.46695
1.04720 4.56513
1.04720 4.66330
1.04720 4.76148
1.04720 4.85965
1.04720 4.95783
1.04720 5.05600
1.04720 5.15418
1.04720 5.25235
1.04720 5.35052
1.04720 5.44870
1.04720 5.54687
1.04720 5.64505
1.04720 5.74322
1.04720 5.84140
1.04720 5.93957
1.04720 6.03775
1.04720 6.13592
1.04720 6.23410
1.09468 0.09817
1.09468 0.19635
1.09468 0.29452
1.09468 0.39270
1.09468 0.49087
1.09468 0.58905
1.09468 0.68722
1.09468 0.78540
1.09468 0.88357
1.09468 0.98175
1.09468 1.07992
1.09468 1.17810
1.09468 1.27627
1.09468 1.37445
1.09468 1.47262
1.09468 1.57080
1.09468 1.66897
1.09468 1.76715
1.09468 1.86532
1.09468 1.96350
1.09468 2.06167
1.09468 2.15984
1.09468 2.25802
1.09468 2.35619
1.09468 2.45437
1.09468 2.55254
1.09468 2.65072
1.09468 2.74889
1.09468 2.84707
1.09468 2.94524
1.09468 3.04342
1.09468 3.14159
1.09468 3.23977
1.09468 3.33794
1.09468 3.43612
1.09468 3.53429
1.09468 3.63247
1.09468 3.73064
1.09468 3.82882
1.09468 3.92699
1.09468 4.02517
1.09468 4.12334
1.09468 4.22152
1.09468 4.31969
1.09468 4.41786
1.09468 4.51604
1.09468 4.61421
1.09468 4.71239
1.09468 4.81056
1.09468 4.90874
1.09468 5.00691
1.09468 5.10509
1.09468 5.20326
1.09468 5.30144
1.09468 5.39961
1.09468 5.49779
1.09468 5.59596
1.09468 5.69414
1.09468 5.79231
1.09468 5.89049
1.09468 5.98866
1.09468 6.08684
1.09468 6.18501
1.09468 6.28319
1.14102 0.04909
1.14102 0.14726
1.14102 0.24544
1.14102 0.34361
1.14102 0.44179
1.14102 0.53996
1.14102 0.63814
1.14102 0.73631
1.14102 0.83449
1.14102 0.93266
1.14102 1.03084
1.14102 1.12901
1.14102 1.22718
1.14102 1.32536
1.14102 1.42353
1.14102 1.52171
1.14102 1.61988
1.14102 1.71806
1.14102 1.81623
1.14102 1.91441
1.14102 2.01258
1.14102 2.11076
1.14102 2.20893
1.14102 2.30711
1.14102 2.40528
1.14102 2.50346
1.14102 2.60163
1.14102 2.69981
1.14102 2.79798
1.14102 2.89616
1.14102 2.99433
1.14102 3.09251
1.14102 3.19068
1.14102 3.28885
1.14102 3.38703
1.14102 3.48520
1.14102 3.58338
1.14102 3.68155
1.14102 3.77973
1.14102 3.87790
1.14102 3.97608
1.14102 4.07425
1.14102 4.17243
1.14102 4.27060
1.14102 4.36878
1.14102 4.46695
1.14102 4.56513
1.14102 4.66330
1.14102 4.76148
1.14102 4.85965
1.14102 4.95783
1.14102 5.05600
1.14102 5.15418
1.14102 5.25235
1.14102 5.35052
1.14102 5.44870
1.14102 5.54687
1.14102 5.64505
1.14102 5.74322
1.14102 5.84140
1.14102 5.93957
1.14102 6.03775
1.14102 6.13592
1.14102 6.23410
1.18640 0.09817
1.18640 0.19635
1.18640 0.29452
1.18640 0.39270
1.18640 0.49087
1.18640 0.58905
1.18640 0.68722
1.18640 0.78540
1.18640 0.88357
1.18640 0.98175
1.18640 1.07992
1.18640 1.17810
1.18640 1.27627
1.18640 1.37445
1.18640 1.47262
1.18640 1.57080
1.18640 1.66897
1.18640 1.76715
1.18640 1.86532
1.18640 1.96350
1.18640 2.06167
1.18640 2.15984
1.18640 2.25802
1.18640 2.35619
1.18640 2.45437
1.18640 2.55254
1.18640 2.65072
1.18640 2.74889
1.18640 2.84707
1.18640 2.94524
1.18640 3.04342
1.18640 3.14159
1.18640 3.23977
1.18640 3.33794
1.18640 3.43612
1.18640 3.53429
1.18640 3.63247
1.18640 3.73064
1.18640 3.82882
1.18640 3.92699
1.18640 4.02517
1.18640 4.12334
1.18640 4.22152
1.18640 4.31969
1.18640 4.41786
1.18640 4.51604
1.18640 4.61421
1.18640 4.71239
1.18640 4.81056
1.18640 4.90874
1.18640 5.00691
1.18640 5.10509
1.18640 5.20326
1.18640 5.30144
1.18640 5.39961
1.18640 5.49779
1.18640 5.59596
1.18640 5.69414
1.18640 5.79231
1.18640 5.89049
1.18640 5.98866
1.18640 6.08684
1.18640 6.18501
1.18640 6.28319
1.23096 0.04909
1.23096 0.14726
1.23096 0.24544
1.23096 0.34361
1.23096 0.44179
1.23096 0.53996
1.23096 0.63814
1.23096 0.73631
1.23096 0.83449
1.23096 0.93266
1.23096 1.03084
1.23096 1.12901
1.23096 1.22718
1.23096 1.32536
1.23096 1.42353
1.23096 1.52171
1.23096 1.61988
1.23096 1.71806
1.23096 1.81623
1.23096 1.91441
1.23096 2.01258
1.23096 2.11076
1.23096 2.20893
1.23096 2.30711
1.23096 2.40528
1.23096 2.50346
1.23096 2.60163
1.23096 2.69981
1.23096 2.79798
1.23096 2.89616
1.23096 2.99433
1.23096 3.09251
1.23096 3.19068
1.23096 3.28885
1.23096 3.38703
1.23096 3.48520
1.23096 3.58338
1.23096 3.68155
1.23096 3.77973
1.23096 3.87790
1.23096 3.97608
1.23096 4.07425
1.23096 4.17243
1.23096 4.27060
1.23096 4.36878
1.23096 4.46695
1.23096 4.56513
1.23096 4.66330
1.23096 4.76148
1.23096 4.85965
1.23096 4.95783
1.23096 5.05600
1.23096 5.15418
1.23096 5.25235
1.23096 5.35052
1.23096 5.44870
1.23096 5.54687
1.23096 5.64505
1.23096 5.74322
1.23096 5.84140
1.23096 5.93957
1.23096 6.03775
1.23096 6.13592
1.23096 6.23410
1.27483 0.09817
1.27483 0.19635
1.27483 0.29452
1.27483 0.39270
1.27483 0.49087
1.27483 0.58905
1.27483 0.68722
1.27483 0.78540
1.27483 0.88357
1.27483 0.98175
1.27483 1.07992
1.27483 1.17810
1.27483 1.27627
1.27483 1.37445
1.27483 1.47262
1.27483 1.57080
1.27483 1.66897
1.27483 1.76715
1.27483 1.86532
1.27483 1.96350
1.27483 2.06167
1.27483 2.15984
1.27483 2.25802
1.27483 2.35619
1.27483 2.45437
1.27483 2.55254
1.27483 2.65072
1.27483 2.74889
1.27483 2.84707
1.27483 2.94524
1.27483 3.04342
1.27483 3.14159
1.27483 3.23977
1.27483 3.33794
1.27483 3.43612
1.27483 3.53429
1.27483 3.63247
1.27483 3.73064
1.27483 3.82882
1.27483 3.92699
1.27483 4.02517
1.27483 4.12334
1.27483 4.22152
1.27483 4.31969
1.27483 4.41786
1.27483 4.51604
1.27483 4.61421
1.27483 4.71239
1.27483 4.81056
1.27483 4.90874
1.27483 5.00691
1.27483 5.10509
1.27483 5.20326
1.27483 5.30144
1.27483 5.39961
1.27483 5.49779
1.27483 5.59596
1.27483 5.69414
1.27483 5.79231
1.27483 5.89049
1.27483 5.98866
1.27483 6.08684
1.27483 6.18501
1.27483 6.28319
1.31812 0.04909
1.31812 0.14726
1.31812 0.24544
1.31812 0.34361
1.31812 0.44179
1.31812 0.53996
1.31812 0.63814
1.31812 0.73631
1.31812 0.83449
1.31812 0.93266
1.31812 1.03084
1.31812 1.12901
1.31812 1.22718
1.31812 1.32536
1.31812 1.42353
1.31812 1.52171
1.31812 1.61988
1.31812 1.71806
1.31812 1.81623
1.31812 1.91441
1.31812 2.01258
1.31812 2.11076
1.31812 2.20893
1.31812 2.30711
1.31812 2.40528
1.31812 2.50346
1.31812 2.60163
1.31812 2.69981
1.31812 2.79798
1.31812 2.89616
1.31812 2.99433
1.31812 3.09251
1.31812 3.19068
1.31812 3.28885
1.31812 3.38703
1.31812 3.48520
1.31812 3.58338
1.31812 3.68155
1.31812 3.77973
1.31812 3.87790
1.31812 3.97608
1.31812 4.07425
1.31812 4.17243
1.31812 4.27060
1.31812 4.36878
1.31812 4.46695
1.31812 4.56513
1.31812 4.66330
1.31812 4.76148
1.31812 4.85965
1.31812 4.95783
1.31812 5.05600
1.31812 5.15418
1.31812 5.25235
1.31812 5.35052
1.31812 5.44870
1.31812 5.54687
1.31812 5.64505
1.31812 5.74322
1.31812 5.84140
1.31812 5.93957
1.31812 6.03775
1.31812 6.13592
1.31812 6.23410
1.36093 0.09817
1.36093 0.19635
1.36093 0.29452
1.36093 0.39270
1.36093 0.49087
1.36093 0.58905
1.36093 0.68722
1.36093 0.78540
1.36093 0.88357
1.36093 0.98175
1.36093 1.07992
1.36093 1.17810
1.36093 1.27627
1.36093 1.37445
1.36093 1.47262
1.36093 1.57080
1.36093 1.66897
1.36093 1.76715
1.36093 1.86532
1.36093 1.96350
1.36093 2.06167
1.36093 2.15984
1.36093 2.25802
1.36093 2.35619
1.36093 2.45437
1.36093 2.55254
1.36093 2.65072
1.36093 2.74889
1.36093 2.84707
1.36093 2.94524
1.36093 3.04342
1.36093 3.14159
1.36093 3.23977
1.36093 3.33794
1.36093 3.43612
1.36093 3.53429
1.36093 3.63247
1.36093 3.73064
1.36093 3.82882
1.36093 3.92699
1.36093 4.02517
1.36093 4.12334
1.36093 4.22152
1.36093 4.31969
1.36093 4.41786
1.36093 4.51604
1.36093 4.61421
1.36093 4.71239
1.36093 4.81056
1.36093 4.90874
1.36093 5.00691
1.36093 5.10509
1.36093 5.20326
1.36093 5.30144
1.36093 5.39961
1.36093 5.49779
1.36093 5.59596
1.36093 5.69414
1.36093 5.79231
1.36093 5.89049
1.36093 5.98866
1.36093 6.08684
1.36093 6.18501
1.36093 6.28319
1.40335 0.04909
1.40335 0.14726
1.40335 0.24544
1.40335 0.34361
1.40335 0.44179
1.40335 0.53996
1.40335 0.63814
1.40335 0.73631
1.40335 0.83449
1.40335 0.93266
1.40335 1.03084
1.40335 1.12901
1.40335 1.22718
1.40335 1.32536
1.40335 1.42353
1.40335 1.52171
1.40335 1.61988
1.40335 1.71806
1.40335 1.81623
1.40335 1.91441
1.40335 2.01258
1.40335 2.11076
1.40335 2.20893
1.40335 2.30711
1.40335 2.40528
1.40335 2.50346
1.40335 2.60163
1.40335 2.69981
1.40335 2.79798
1.40335 2.89616
1.40335 2.99433
1.40335 3.09251
1.40335 3.19068
1.40335 3.28885
1.40335 3.38703
1.40335 3.48520
1.40335 3.58338
1.40335 3.68155
1.40335 3.77973
1.40335 3.87790
1.40335 3.97608
1.40335 4.07425
1.40335 4.17243
1.40335 4.27060
1.40335 4.36878
1.40335 4.46695
1.40335 4.56513
1.40335 4.66330
1.40335 4.76148
1.40335 4.85965
1.40335 4.95783
1.40335 5.05600
1.40335 5.15418
1.40335 5.25235
1.40335 5.35052
1.40335 5.44870
1.40335 5.54687
1.40335 5.64505
1.40335 5.74322
1.40335 5.84140
1.40335 5.93957
1.40335 6.03775
1.40335 6.13592
1.40335 6.23410
1.44547 0.09817
1.44547 0.19635
1.44547 0.29452
1.44547 0.39270
1.44547 0.49087
1.44547 0.58905
1.44547 0.68722
1.44547 0.78540
1.44547 0.88357
1.44547 0.98175
1.44547 1.07992
1.44547 1.17810
1.44547 1.27627
1.44547 1.37445
1.44547 1.47262
1.44547 1.57080
1.44547 1.66897
1.44547 1.76715
1.44547 1.86532
1.44547 1.96350
1.44547 2.06167
1.44547 2.15984
1.44547 2.25802
1.44547 2.35619
1.44547 2.45437
1.44547 2.55254
1.44547 2.65072
1.44547 2.74889
1.44547 2.84707
1.44547 2.94524
1.44547 3.04342
1.44547 3.14159
1.44547 3.23977
1.44547 3.33794
1.44547 3.43612
1.44547 3.53429
1.44547 3.63247
1.44547 3.73064
1.44547 3.82882
1.44547 3.92699
1.44547 4.02517
1.44547 4.12334
1.44547 4.22152
1.44547 4.31969
1.44547 4.41786
1.44547 4.51604
1.44547 4.61421
1.44547 4.71239
1.44547 4.81056
1.44547 4.90874
1.44547 5.00691
1.44547 5.10509
1.44547 5.20326
1.44547 5.30144
1.44547 5.39961
1.44547 5.49779
1.44547 5.59596
1.44547 5.69414
1.44547 5.79231
1.44547 5.89049
1.44547 5.98866
1.44547 6.08684
1.44547 6.18501
1.44547 6.28319
1.48737 0.04909
1.48737 0.14726
1.48737 0.24544
1.48737 0.34361
1.48737 0.44179
1.48737 0.53996
1.48737 0.63814
1.48737 0.73631
1.48737 0.83449
1.48737 0.93266
1.48737 1.03084
1.48737 1.12901
1.48737 1.22718
1.48737 1.32536
1.48737 1.42353
1.48737 1.52171
1.48737 1.61988
1.48737 1.71806
1.48737 1.81623
1.48737 1.91441
1.48737 2.01258
1.48737 2.11076
1.48737 2.20893
1.48737 2.30711
1.48737 2.40528
1.48737 2.50346
1.48737 2.60163
1.48737 2.69981
1.48737 2.79798
1.48737 2.89616
1.48737 2.99433
1.48737 3.09251
1.48737 3.19068
1.48737 3.28885
1.48737 3.38703
1.48737 3.48520
1.48737 3.58338
1.48737 3.68155
1.48737 3.77973
1.48737 3.87790
1.48737 3.97608
1.48737 4.07425
1.48737 4.17243
1.48737 4.27060
1.48737 4.36878
1.48737 4.46695
1.48737 4.56513
1.48737 4.66330
1.48737 4.76148
1.48737 4.85965
1.48737 4.95783
1.48737 5.05600
1.48737 5.15418
1.48737 5.25235
1.48737 5.35052
1.48737 5.44870
1.48737 5.54687
1.48737 5.64505
1.48737 5.74322
1.48737 5.84140
1.48737 5.93957
1.48737 6.03775
1.48737 6.13592
1.48737 6.23410
1.52912 0.09817
1.52912 0.19635
1.52912 0.29452
1.52912 0.39270
1.52912 0.49087
1.52912 0.58905
1.52912 0.68722
1.52912 0.78540
1.52912 0.88357
1.52912 0.98175
1.52912 1.07992
1.52912 1.17810
1.52912 1.27627
1.52912 1.37445
1.52912 1.47262
1.52912 1.57080
1.52912 1.66897
1.52912 1.76715
1.52912 1.86532
1.52912 1.96350
1.52912 2.06167
1.52912 2.15984
1.52912 2.25802
1.52912 2.35619
1.52912 2.45437
1.52912 2.55254
1.52912 2.65072
1.52912 2.74889
1.52912 2.84707
1.52912 2.94524
1.52912 3.04342
1.52912 3.14159
1.52912 3.23977
1.52912 3.33794
1.52912 3.43612
1.52912 3.53429
1.52912 3.63247
1.52912 3.73064
1.52912 3.82882
1.52912 3.92699
1.52912 4.02517
1.52912 4.12334
1.52912 4.22152
1.52912 4.31969
1.52912 4.41786
1.52912 4.51604
1.52912 4.61421
1.52912 4.71239
1.52912 4.81056
1.52912 4.90874
1.52912 5.00691
1.52912 5.10509
1.52912 5.20326
1.52912 5.30144
1.52912 5.39961
1.52912 5.49779
1.52912 5.59596
1.52912 5.69414
1.52912 5.79231
1.52912 5.89049
1.52912 5.98866
1.52912 6.08684
1.52912 6.18501
1.52912 6.28319
1.57080 0.04909
1.57080 0.14726
1.57080 0.24544
1.57080 0.34361
1.57080 0.44179
1.57080 0.53996
1.57080 0.63814
1.57080 0.73631
1.57080 0.83449
1.57080 0.93266
1.57080 1.03084
1.57080 1.12901
1.57080 1.22718
1.57080 1.32536
1.57080 1.42353
1.57080 1.52171
1.57080 1.61988
1.57080 1.71806
1.57080 1.81623
1.57080 1.91441
1.57080 2.01258
1.57080 2.11076
1.57080 2.20893
1.57080 2.30711
1.57080 2.40528
1.57080 2.50346
1.57080 2.60163
1.57080 2.69981
1.57080 2.79798
1.57080 2.89616
1.57080 2.99433
1.57080 3.09251
1.57080 3.19068
1.57080 3.28885
1.57080 3.38703
1.57080 3.48520
1.57080 3.58338
1.57080 3.68155
1.57080 3.77973
1.57080 3.87790
1.57080 3.97608
1.57080 4.07425
1.57080 4.17243
1.57080 4.27060
1.57080 4.36878
1.57080 4.46695
1.57080 4.56513
1.57080 4.66330
1.57080 4.76148
1.57080 4.85965
1.57080 4.95783
1.57080 5.05600
1.57080 5.15418
1.57080 5.25235
1.57080 5.35052
1.57080 5.44870
1.57080 5.54687
1.57080 5.64505
1.57080 5.74322
1.57080 5.84140
1.57080 5.93957
1.57080 6.03775
1.57080 6.13592
1.57080 6.23410
1.61248 0.09817
1.61248 0.19635
1.61248 0.29452
1.61248 0.39270
1.61248 0.49087
1.61248 0.58905
1.61248 0.68722
1.61248 0.78540
1.61248 0.88357
1.61248 0.98175
1.61248 1.07992
1.61248 1.17810
1.61248 1.27627
1.61248 1.37445
1.61248 1.47262
1.61248 1.57080
1.61248 1.66897
1.61248 1.76715
1.61248 1.86532
1.61248 1.96350
1.61248 2.06167
1.61248 2.15984
1.61248 2.25802
1.61248 2.35619
1.61248 2.45437
1.61248 2.55254
1.61248 2.65072
1.61248 2.74889
1.61248 2.84707
1.61248 2.94524
1.61248 3.04342
1.61248 3.14159
1.61248 3.23977
1.61248 3.33794
1.61248 3.43612
1.61248 3.53429
1.61248 3.63247
1.61248 3.73064
1.61248 3.82882
1.61248 3.92699
1.61248 4.02517
1.61248 4.12334
1.61248 4.22152
1.61248 4.31969
1.61248 4.41786
1.61248 4.51604
1.61248 4.61421
1.61248 4.71239
1.61248 4.81056
1.61248 4.90874
1.61248 5.00691
1.61248 5.10509
1.61248 5.20326
1.61248 5.30144
1.61248 5.39961
1.61248 5.49779
1.61248 5.59596
1.61248 5.69414
1.61248 5.79231
1.61248 5.89049
1.61248 5.98866
1.61248 6.08684
1.61248 6.18501
1.61248 6.28319
1.65423 0.04909
1.65423 0.14726
1.65423 0.24544
1.65423 0.34361
1.65423 0.44179
1.65423 0.53996
1.65423 0.63814
1.65423 0.73631
1.65423 0.83449
1.65423 0.93266
1.65423 1.03084
1.65423 1.12901
1.65423 1.22718
1.65423 1.32536
1.65423 1.42353
1.65423 1.52171
1.65423 1.61988
1.65423 1.71806
1.65423 1.81623
1.65423 1.91441
1.65423 2.01258
1.65423 2.11076
1.65423 2.20893
1.65423 2.30711
1.65423 2.40528
1.65423 2.50346
1.65423 2.60163
1.65423 2.69981
1.65423 2.79798
1.65423 2.89616
1.65423 2.99433
1.65423 3.09251
1.65423 3.19068
1.65423 3.28885
1.65423 3.38703
1.65423 3.48520
1.65423 3.58338
1.65423 3.68155
1.65423 3.77973
1.65423 3.87790
1.65423 3.97608
1.65423 4.07425
1.65423 4.17243
1.65423 4.27060
1.65423 4.36878
1.65423 4.46695
1.65423 4.56513
1.65423 4.66330
1.65423 4.76148
1.65423 4.85965
1.65423 4.95783
1.65423 5.05600
1.65423 5.15418
1.65423 5.25235
1.65423 5.35052
1.65423 5.44870
1.65423 5.54687
1.65423 5.64505
1.65423 5.74322
1.65423 5.84140
1.65423 5.93957
1.65423 6.03775
1.65423 6.13592
1.65423 6.23410
1.69612 0.09817
1.69612 0.19635
1.69612 0.29452
1.69612 0.39270
1.69612 0.49087
1.69612 0.58905
1.69612 0.68722
1.69612 0.78540
1.69612 0.88357
1.69612 0.98175
1.69612 1.07992
1.69612 1.17810
1.69612 1.27627
1.69612 1.37445
1.69612 1.47262
1.69612 1.57080
1.69612 1.66897
1.69612 1.76715
1.69612 1.86532
1.69612 1.96350
1.69612 2.06167
1.69612 2.15984
1.69612 2.25802
1.69612 2.35619
1.69612 2.45437
1.69612 2.55254
1.69612 2.65072
1.69612 2.74889
1.69612 2.84707
1.69612 2.94524
1.69612 3.04342
1.69612 3.14159
1.69612 3.23977
1.69612 3.33794
1.69612 3.43612
1.69612 3.53429
1.69612 3.63247
1.69612 3.73064
1.69612 3.82882
1.69612 3.92699
1.69612 4.02517
1.69612 4.12334
1.69612 4.22152
1.69612 4.31969
1.69612 4.41786
1.69612 4.51604
1.69612 4.61421
1.69612 4.71239
1.69612 4.81056
1.69612 4.90874
1.69612 5.00691
1.69612 5.10509
1.69612 5.20326
1.69612 5.30144
1.69612 5.39961
1.69612 5.49779
1.69612 5.59596
1.69612 5.69414
1.69612 5.79231
1.69612 5.89049
1.69612 5.98866
1.69612 6.08684
1.69612 6.18501
1.69612 6.28319
1.73824 0.04909
1.73824 0.14726
1.73824 0.24544
1.73824 0.34361
1.73824 0.44179
1.73824 0.53996
1.73824 0.63814
1.73824 0.73631
1.73824 0.83449
1.73824 0.93266
1.73824 1.03084
1.73824 1.12901
1.73824 1.22718
1.73824 1.32536
1.73824 1.42353
1.73824 1.52171
1.73824 1.61988
1.73824 1.71806
1.73824 1.81623
1.73824 1.91441
1.73824 2.01258
1.73824 2.11076
1.73824 2.20893
1.73824 2.30711
1.73824 2.40528
1.73824 2.50346
1.73824 2.60163
1.73824 2.69981
1.73824 2.79798
1.73824 2.89616
1.73824 2.99433
1.73824 3.09251
1.73824 3.19068
1.73824 3.28885
1.73824 3.38703
1.73824 3.48520
1.73824 3.58338
1.73824 3.68155
1.73824 3.77973
1.73824 3.87790
1.73824 3.97608
1.73824 4.07425
1.73824 4.17243
1.73824 4.27060
1.73824 4.36878
1.73824 4.46695
1.73824 4.56513
1.73824 4.66330
1.73824 4.76148
1.73824 4.85965
1.73824 4.95783
1.73824 5.05600
1.73824 5.15418
1.73824 5.25235
1.73824 5.35052
1.73824 5.44870
1.73824 5.54687
1.73824 5.64505
1.73824 5.74322
1.73824 5.84140
1.73824 5.93957
1.73824 6.03775
1.73824 6.13592
1.73824 6.23410
1.78067 0.09817
1.78067 0.19635
1.78067 0.29452
1.78067 0.39270
1.78067 0.49087
1.78067 0.58905
1.78067 0.68722
1.78067 0.78540
1.78067 0.88357
1.78067 0.98175
1.78067 1.07992
1.78067 1.17810
1.78067 1.27627
1.78067 1.37445
1.78067 1.47262
1.78067 1.57080
1.78067 1.66897
1.78067 1.76715
1.78067 1.86532
1.78067 1.96350
1.78067 2.06167
1.78067 2.15984
1.78067 2.25802
1.78067 2.35619
1.78067 2.45437
1.78067 2.55254
1.78067 2.65072
1.78067 2.74889
1.78067 2.84707
1.78067 2.94524
1.78067 3.04342
1.78067 3.14159
1.78067 3.23977
1.78067 3.33794
1.78067 3.43612
1.78067 3.53429
1.78067 3.63247
1.78067 3.73064
1.78067 3.82882
1.78067 3.92699
1.78067 4.02517
1.78067 4.12334
1.78067 4.22152
1.78067 4.31969
1.78067 4.41786
1.78067 4.51604
1.78067 4.61421
1.78067 4.71239
1.78067 4.81056
1.78067 4.90874
1.78067 5.00691
1.78067 5.10509
1.78067 5.20326
1.78067 5.30144
1.78067 5.39961
1.78067 5.49779
1.78067 5.59596
1.78067 5.69414
1.78067 5.79231
1.78067 5.89049
1.78067 5.98866
1.78067 6.08684
1.78067 6.18501
1.78067 6.28319
1.82348 0.04909
1.82348 0.14726
1.82348 0.24544
1.82348 0.34361
1.82348 0.44179
1.82348 0.53996
1.82348 0.63814
1.82348 0.73631
1.82348 0.83449
1.82348 0.93266
1.82348 1.03084
1.82348 1.12901
1.82348 1.22718
1.82348 1.32536
1.82348 1.42353
1.82348 1.52171
1.82348 1.61988
1.82348 1.71806
1.82348 1.81623
1.82348 1.91441
1.82348 2.01258
1.82348 2.11076
1.82348 2.20893
1.82348 2.30711
1.82348 2.40528
1.82348 2.50346
1.82348 2.60163
1.82348 2.69981
1.82348 2.79798
1.82348 2.89616
1.82348 2.99433
1.82348 3.09251
1.82348 3.19068
1.82348 3.28885
1.82348 3.38703
1.82348 3.48520
1.82348 3.58338
1.82348 3.68155
1.82348 3.77973
1.82348 3.87790
1.82348 3.97608
1.82348 4.07425
1.82348 4.17243
1.82348 4.27060
1.82348 4.36878
1.82348 4.46695
1.82348 4.56513
1.82348 4.66330
1.82348 4.76148
1.82348 4.85965
1.82348 4.95783
1.82348 5.05600
1.82348 5.15418
1.82348 5.25235
1.82348 5.35052
1.82348 5.44870
1.82348 5.54687
1.82348 5.64505
1.82348 5.74322
1.82348 5.84140
1.82348 5.93957
1.82348 6.03775
1.82348 6.13592
1.82348 6.23410
1.86677 0.09817
1.86677 0.19635
1.86677 0.29452
1.86677 0.39270
1.86677 0.49087
1.86677 0.58905
1.86677 0.68722
1.86677 0.78540
1.86677 0.88357
1.86677 0.98175
1.86677 1.07992
1.86677 1.17810
1.86677 1.27627
1.86677 1.37445
1.86677 1.47262
1.86677 1.57080
1.86677 1.66897
1.86677 1.76715
1.86677 1.86532
1.86677 1.96350
1.86677 2.06167
1.86677 2.15984
1.86677 2.25802
1.86677 2.35619
1.86677 2.45437
1.86677 2.55254
1.86677 2.65072
1.86677 2.74889
1.86677 2.84707
1.86677 2.94524
1.86677 3.04342
1.86677 3.14159
1.86677 3.23977
1.86677 3.33794
1.86677 3.43612
1.86677 3.53429
1.86677 3.63247
1.86677 3.73064
1.86677 3.82882
1.86677 3.92699
1.86677 4.02517
1.86677 4.12334
1.86677 4.22152
1.86677 4.31969
1.86677 4.41786
1.86677 4.51604
1.86677 4.61421
1.86677 4.71239
1.86677 4.81056
1.86677 4.90874
1.86677 5.00691
1.86677 5.10509
1.86677 5.20326
1.86677 5.30144
1.86677 5.39961
1.86677 5.49779
1.86677 5.59596
1.86677 5.69414
1.86677 5.79231
1.86677 5.89049
1.86677 5.98866
1.86677 6.08684
1.86677 6.18501
1.86677 6.28319
1.91063 0.04909
1.91063 0.14726
1.91063 0.24544
1.91063 0.34361
1.91063 0.44179
1.91063 0.53996
1.91063 0.63814
1.91063 0.73631
1.91063 0.83449
1.91063 0.93266
1.91063 1.03084
1.91063 1.12901
1.91063 1.22718
1.91063 1.32536
1.91063 1.42353
1.91063 1.52171
1.91063 1.61988
1.91063 1.71806
1.91063 1.81623
1.91063 1.91441
1.91063 2.01258
1.91063 2.11076
1.91063 2.20893
1.91063 2.30711
1.91063 2.40528
1.91063 2.50346
1.91063 2.60163
1.91063 2.69981
1.91063 2.79798
1.91063 2.89616
1.91063 2.99433
1.91063 3.09251
1.91063 3.19068
1.91063 3.28885
1.91063 3.38703
1.91063 3.48520
1.91063 3.58338
1.91063 3.68155
1.91063 3.77973
1.91063 3.87790
1.91063 3.97608
1.91063 4.07425
1.91063 4.17243
1.91063 4.27060
1.91063 4.36878
1.91063 4.46695
1.91063 4.56513
1.91063 4.66330
1.91063 4.76148
1.91063 4.85965
1.91063 4.95783
1.91063 5.05600
1.91063 5.15418
1.91063 5.25235
1.91063 5.35052
1.91063 5.44870
1.91063 5.54687
1.91063 5.64505
1.91063 5.74322
1.91063 5.84140
1.91063 5.93957
1.91063 6.03775
1.91063 6.13592
1.91063 6.23410
1.95519 0.09817
1.95519 0.19635
1.95519 0.29452
1.95519 0.39270
1.95519 0.49087
1.95519 0.58905
1.95519 0.68722
1.95519 0.78540
1.95519 0.88357
1.95519 0.98175
1.95519 1.07992
1.95519 1.17810
1.95519 1.27627
1.95519 1.37445
1.95519 1.47262
1.95519 1.57080
1.95519 1.66897
1.95519 1.76715
1.95519 1.86532
1.95519 1.96350
1.95519 2.06167
1.95519 2.15984
1.95519 2.25802
1.95519 2.35619
1.95519 2.45437
1.95519 2.55254
1.95519 2.65072
1.95519 2.74889
1.95519 2.84707
1.95519 2.94524
1.95519 3.04342
1.95519 3.14159
1.95519 3.23977
1.95519 3.33794
1.95519 3.43612
1.95519 3.53429
1.95519 3.63247
1.95519 3.73064
1.95519 3.82882
1.95519 3.92699
1.95519 4.02517
1.95519 4.12334
1.95519 4.22152
1.95519 4.31969
1.95519 4.41786
1.95519 4.51604
1.95519 4.61421
1.95519 4.71239
1.95519 4.81056
1.95519 4.90874
1.95519 5.00691
1.95519 5.10509
1.95519 5.20326
1.95519 5.30144
1.95519 5.39961
1.95519 5.49779
1.95519 5.59596
1.95519 5.69414
1.95519 5.79231
1.95519 5.89049
1.95519 5.98866
1.95519 6.08684
1.95519 6.18501
1.95519 6.28319
2.00057 0.04909
2.00057 0.14726
2.00057 0.24544
2.00057 0.34361
2.00057 0.44179
2.00057 0.53996
2.00057 0.63814
2.00057 0.73631
2.00057 0.83449
2.00057 0.93266
2.00057 1.03084
2.00057 1.12901
2.00057 1.22718
2.00057 1.32536
2.00057 1.42353
2.00057 1.52171
2.00057 1.61988
2.00057 1.71806
2.00057 1.81623
2.00057 1.91441
2.00057 2.01258
2.00057 2.11076
2.00057 2.20893
2.00057 2.30711
2.00057 2.40528
2.00057 2.50346
2.00057 2.60163
2.00057 2.69981
2.00057 2.79798
2.00057 2.89616
2.00057 2.99433
2.00057 3.09251
2.00057 3.19068
2.00057 3.28885
2.00057 3.38703
2.00057 3.48520
2.00057 3.58338
2.00057 3.68155
2.00057 3.77973
2.00057 3.87790
2.00057 3.97608
2.00057 4.07425
2.00057 4.17243
2.00057 4.27060
2.00057 4.36878
2.00057 4.46695
2.00057 4.56513
2.00057 4.66330
2.00057 4.76148
2.00057 4.85965
2.00057 4.95783
2.00057 5.05600
2.00057 5.15418
2.00057 5.25235
2.00057 5.35052
2.00057 5.44870
2.00057 5.54687
2.00057 5.64505
2.00057 5.74322
2.00057 5.84140
2.00057 5.93957
2.00057 6.03775
2.00057 6.13592
2.00057 6.23410
2.04692 0.09817
2.04692 0.19635
2.04692 0.29452
2.04692 0.39270
2.04692 0.49087
2.04692 0.58905
2.04692 0.68722
2.04692 0.78540
2.04692 0.88357
2.04692 0.98175
2.04692 1.07992
2.04692 1.17810
2.04692 1.27627
2.04692 1.37445
2.04692 1.47262
2.04692 1.57080
2.04692 1.66897
2.04692 1.76715
2.04692 1.86532
2.04692 1.96350
2.04692 2.06167
2.04692 2.15984
2.04692 2.25802
2.04692 2.35619
2.04692 2.45437
2.04692 2.55254
2.04692 2.65072
2.04692 2.74889
2.04692 2.84707
2.04692 2.94524
2.04692 3.04342
2.04692 3.14159
2.04692 3.23977
2.04692 3.33794
2.04692 3.43612
2.04692 3.53429
2.04692 3.63247
2.04692 3.73064
2.04692 3.82882
2.04692 3.92699
2.04692 4.02517
2.04692 4.12334
2.04692 4.22152
2.04692 4.31969
2.04692 4.41786
2.04692 4.51604
2.04692 4.61421
2.04692 4.71239
2.04692 4.81056
2.04692 4.90874
2.04692 5.00691
2.04692 5.10509
2.04692 5.20326
2.04692 5.30144
2.04692 5.39961
2.04692 5.49779
2.04692 5.59596
2.04692 5.69414
2.04692 5.79231
2.04692 5.89049
2.04692 5.98866
2.04692 6.08684
2.04692 6.18501
2.04692 6.28319
2.09440 0.04909
2.09440 0.14726
2.09440 0.24544
2.09440 0.34361
2.09440 0.44179
2.09440 0.53996
2.09440 0.63814
2.09440 0.73631
2.09440 0.83449
2.09440 0.93266
2.09440 1.03084
2.09440 1.12901
2.09440 1.22718
2.09440 1.32536
2.09440 1.42353
2.09440 1.52171
2.09440 1.61988
2.09440 1.71806
2.09440 1.81623
2.09440 1.91441
2.09440 2.01258
2.09440 2.11076
2.09440 2.20893
2.09440 2.30711
2.09440 2.40528
2.09440 2.50346
2.09440 2.60163
2.09440 2.69981
2.09440 2.79798
2.09440 2.89616
2.09440 2.99433
2.09440 3.09251
2.09440 3.19068
2.09440 3.28885
2.09440 3.38703
2.09440 3.48520
2.09440 3.58338
2.09440 3.68155
2.09440 3.77973
2.09440 3.87790
2.09440 3.97608
2.09440 4.07425
2.09440 4.17243
2.09440 4.27060
2.09440 4.36878
2.09440 4.46695
2.09440 4.56513
2.09440 4.66330
2.09440 4.76148
2.09440 4.85965
2.09440 4.95783
2.09440 5.05600
2.09440 5.15418
2.09440 5.25235
2.09440 5.35052
2.09440 5.44870
2.09440 5.54687
2.09440 5.64505
2.09440 5.74322
2.09440 5.84140
2.09440 5.93957
2.09440 6.03775
2.09440 6.13592
2.09440 6.23410
2.14321 0.09817
2.14321 0.19635
2.14321 0.29452
2.14321 0.39270
2.14321 0.49087
2.14321 0.58905
2.14321 0.68722
2.14321 0.78540
2.14321 0.88357
2.14321 0.98175
2.14321 1.07992
2.14321 1.17810
2.14321 1.27627
2.14321 1.37445
2.14321 1.47262
2.14321 1.57080
2.14321 1.66897
2.14321 1.76715
2.14321 1.86532
2.14321 1.96350
2.14321 2.06167
2.14321 2.15984
2.14321 2.25802
2.14321 2.35619
2.14321 2.45437
2.14321 2.55254
2.14321 2.65072
2.14321 2.74889
2.14321 2.84707
2.14321 2.94524
2.14321 3.04342
2.14321 3.14159
2.14321 3.23977
2.14321 3.33794
2.14321 3.43612
2.14321 3.53429
2.14321 3.63247
2.14321 3.73064
2.14321 3.82882
2.14321 3.92699
2.14321 4.02517
2.14321 4.12334
2.14321 4.22152
2.14321 4.31969
2.14321 4.41786
2.14321 4.51604
2.14321 4.61421
2.14321 4.71239
2.14321 4.81056
2.14321 4.90874
2.14321 5.00691
2.14321 5.10509
2.14321 5.20326
2.14321 5.30144
2.14321 5.39961
2.14321 5.49779
2.14321 5.59596
2.14321 5.69414
2.14321 5.79231
2.14321 5.89049
2.14321 5.98866
2.14321 6.08684
2.14321 6.18501
2.14321 6.28319
2.19362 0.04909
2.19362 0.14726
2.19362 0.24544
2.19362 0.34361
2.19362 0.44179
2.19362 0.53996
2.19362 0.63814
2.19362 0.73631
2.19362 0.83449
2.19362 0.93266
2.19362 1.03084
2.19362 1.12901
2.19362 1.22718
2.19362 1.32536
2.19362 1.42353
2.19362 1.52171
2.19362 1.61988
2.19362 1.71806
2.19362 1.81623
2.19362 1.91441
2.19362 2.01258
2.19362 2.11076
2.19362 2.20893
2.19362 2.30711
2.19362 2.40528
2.19362 2.50346
2.19362 2.60163
2.19362 2.69981
2.19362 2.79798
2.19362 2.89616
2.19362 2.99433
2.19362 3.09251
2.19362 3.19068
2.19362 3.28885
2.19362 3.38703
2.19362 3.48520
2.19362 3.58338
2.19362 3.68155
2.19362 3.77973
2.19362 3.87790
2.19362 3.97608
2.19362 4.07425
2.19362 4.17243
2.19362 4.27060
2.19362 4.36878
2.19362 4.46695
2.19362 4.56513
2.19362 4.66330
2.19362 4.76148
2.19362 4.85965
2.19362 4.95783
2.19362 5.05600
2.19362 5.15418
2.19362 5.25235
2.19362 5.35052
2.19362 5.44870
2.19362 5.54687
2.19362 5.64505
2.19362 5.74322
2.19362 5.84140
2.19362 5.93957
2.19362 6.03775
2.19362 6.13592
2.19362 6.23410
2.24593 0.09817
2.24593 0.19635
2.24593 0.29452
2.24593 0.39270
2.24593 0.49087
2.24593 0.58905
2.24593 0.68722
2.24593 0.78540
2.24593 0.88357
2.24593 0.98175
2.24593 1.07992
2.24593 1.17810
2.24593 1.27627
2.24593 1.37445
2.24593 1.47262
2.24593 1.57080
2.24593 1.66897
2.24593 1.76715
2.24593 1.86532
2.24593 1.96350
2.24593 2.06167
2.24593 2.15984
2.24593 2.25802
2.24593 2.35619
2.24593 2.45437
2.24593 2.55254
2.24593 2.65072
2.24593 2.74889
2.24593 2.84707
2.24593 2.94524
2.24593 3.04342
2.24593 3.14159
2.24593 3.23977
2.24593 3.33794
2.24593 3.43612
2.24593 3.53429
2.24593 3.63247
2.24593 3.73064
2.24593 3.82882
2.24593 3.92699
2.24593 4.02517
2.24593 4.12334
2.24593 4.22152
2.24593 4.31969
2.24593 4.41786
2.24593 4.51604
2.24593 4.61421
2.24593 4.71239
2.24593 4.81056
2.24593 4.90874
2.24593 5.00691
2.24593 5.10509
2.24593 5.20326
2.24593 5.30144
2.24593 5.39961
2.24593 5.49779
2.24593 5.59596
2.24593 5.69414
2.24593 5.79231
2.24593 5.89049
2.24593 5.98866
2.24593 6.08684
2.24593 6.18501
2.24593 6.28319
2.30052 0.04909
2.30052 0.14726
2.30052 0.24544
2.30052 0.34361
2.30052 0.44179
2.30052 0.53996
2.30052 0.63814
2.30052 0.73631
2.30052 0.83449
2.30052 0.93266
2.30052 1.03084
2.30052 1.12901
2.30052 1.22718
2.30052 1.32536
2.30052 1.42353
2.30052 1.52171
2.30052 1.61988
2.30052 1.71806
2.30052 1.81623
2.30052 1.91441
2.30052 2.01258
2.30052 2.11076
2.30052 2.20893
2.30052 2.30711
2.30052 2.40528
2.30052 2.50346
2.30052 2.60163
2.30052 2.69981
2.30052 2.79798
2.30052 2.89616
2.30052 2.99433
2.30052 3.09251
2.30052 3.19068
2.30052 3.28885
2.30052 3.38703
2.30052 3.48520
2.30052 3.58338
2.30052 3.68155
2.30052 3.77973
2.30052 3.87790
2.30052 3.97608
2.30052 4.07425
2.30052 4.17243
2.30052 4.27060
2.30052 4.36878
2.30052 4.46695
2.30052 4.56513
2.30052 4.66330
2.30052 4.76148
2.30052 4.85965
2.30052 4.95783
2.30052 5.05600
2.30052 5.15418
2.30052 5.25235
2.30052 5.35052
2.30052 5.44870
2.30052 5.54687
2.30052 5.64505
2.30052 5.74322
2.30052 5.84140
2.30052 5.93957
2.30052 6.03775
2.30052 6.13592
2.30052 6.23410
2.35609 0.05236
2.35609 0.15708
2.35609 0.26180
2.35609 0.36652
2.35609 0.47124
2.35609 0.57596
2.35609 0.68068
2.35609 0.78540
2.35609 0.89012
2.35609 0.99484
2.35609 1.09956
2.35609 1.20428
2.35609 1.30900
2.35609 1.41372
2.35609 1.51844
2.35609 1.62316
2.35609 1.72788
2.35609 1.83260
2.35609 1.93732
2.35609 2.04204
2.35609 2.14675
2.35609 2.25147
2.35609 2.35619
2.35609 2.46091
2.35609 2.56563
2.35609 2.67035
2.35609 2.77507
2.35609 2.87979
2.35609 2.98451
2.35609 3.08923
2.35609 3.19395
2.35609 3.29867
2.35609 3.40339
2.35609 3.50811
2.35609 3.61283
2.35609 3.71755
2.35609 3.82227
2.35609 3.92699
2.35609 4.03171
2.35609 4.13643
2.35609 4.24115
2.35609 4.34587
2.35609 4.45059
2.35609 4.55531
2.35609 4.66003
2.35609 4.76475
2.35609 4.86947
2.35609 4.97419
2.35609 5.07891
2.35609 5.18363
2.35609 5.28835
2.35609 5.39307
2.35609 5.49779
2.35609 5.60251
2.35609 5.70723
2.35609 5.81195
2.35609 5.91667
2.35609 6.02139
2.35609 6.12611
2.35609 6.23083
2.41102 0.05610
2.41102 0.16830
2.41102 0.28050
2.41102 0.39270
2.41102 0.50490
2.41102 0.61710
2.41102 0.72930
2.41102 0.84150
2.41102 0.95370
2.41102 1.06590
2.41102 1.17810
2.41102 1.29030
2.41102 1.40250
2.41102 1.51470
2.41102 1.62690
2.41102 1.73910
2.41102 1.85130
2.41102 1.96350
2.41102 2.07570
2.41102 2.18789
2.41102 2.30009
2.41102 2.41229
2.41102 2.52449
2.41102 2.63669
2.41102 2.74889
2.41102 2.86109
2.41102 2.97329
2.41102 3.08549
2.41102 3.19769
2.41102 3.30989
2.41102 3.42209
2.41102 3.53429
2.41102 3.64649
2.41102 3.75869
2.41102 3.87089
2.41102 3.98309
2.41102 4.09529
2.41102 4.20749
2.41102 4.31969
2.41102 4.43189
2.41102 4.54409
2.41102 4.65629
2.41102 4.76849
2.41102 4.88069
2.41102 4.99289
2.41102 5.10509
2.41102 5.21729
2.41102 5.32949
2.41102 5.44169
2.41102 5.55389
2.41102 5.66609
2.41102 5.77829
2.41102 5.89049
2.41102 6.00269
2.41102 6.11489
2.41102 6.22709
2.46538 0.06042
2.46538 0.18125
2.46538 0.30208
2.46538 0.42291
2.46538 0.54374
2.46538 0.66457
2.46538 0.78540
2.46538 0.90623
2.46538 1.02706
2.46538 1.14789
2.46538 1.26872
2.46538 1.38955
2.46538 1.51038
2.46538 1.63121
2.46538 1.75204
2.46538 1.87287
2.46538 1.99370
2.46538 2.11453
2.46538 2.23536
2.46538 2.35619
2.46538 2.47702
2.46538 2.59786
2.46538 2.71869
2.46538 2.83952
2.46538 2.96035
2.46538 3.08118
2.46538 3.20201
2.46538 3.32284
2.46538 3.44367
2.46538 3.56450
2.46538 3.68533
2.46538 3.80616
2.46538 3.92699
2.46538 4.04782
2.46538 4.16865
2.46538 4.28948
2.46538 4.41031
2.46538 4.53114
2.46538 4.65197
2.46538 4.77280
2.46538 4.89363
2.46538 5.01447
2.46538 5.13530
2.46538 5.25613
2.46538 5.37696
2.46538 5.49779
2.46538 5.61862
2.46538 5.73945
2.46538 5.86028
2.46538 5.98111
2.46538 6.10194
2.46538 6.22277
2.51922 0.06545
2.51922 0.19635
2.51922 0.32725
2.51922 0.45815
2.51922 0.58905
2.51922 0.71995
2.51922 0.85085
2.51922 0.98175
2.51922 1.11265
2.51922 1.24355
2.51922 1.37445
2.51922 1.50535
2.51922 1.63625
2.51922 1.76715
2.51922 1.89805
2.51922 2.02895
2.51922 2.15984
2.51922 2.29074
2.51922 2.42164
2.51922 2.55254
2.51922 2.68344
2.51922 2.81434
2.51922 2.94524
2.51922 3.07614
2.51922 3.20704
2.51922 3.33794
2.51922 3.46884
2.51922 3.59974
2.51922 3.73064
2.51922 3.86154
2.51922 3.99244
2.51922 4.12334
2.51922 4.25424
2.51922 4.38514
2.51922 4.51604
2.51922 4.64694
2.51922 4.77784
2.51922 4.90874
2.51922 5.03964
2.51922 5.17054
2.51922 5.30144
2.51922 5.43234
2.51922 5.56324
2.51922 5.69414
2.51922 5.82504
2.51922 5.95594
2.51922 6.08684
2.51922 6.21774
2.57261 0.07140
2.57261 0.21420
2.57261 0.35700
2.57261 0.49980
2.57261 0.64260
2.57261 0.78540
2.57261 0.92820
2.57261 1.07100
2.57261 1.21380
2.57261 1.35660
2.57261 1.49940
2.57261 1.64220
2.57261 1.78500
2.57261 1.92780
2.57261 2.07060
2.57261 2.21339
2.57261 2.35619
2.57261 2.49899
2.57261 2.64179
2.57261 2.78459
2.57261 2.92739
2.57261 3.07019
2.57261 3.21299
2.57261 3.35579
2.57261 3.49859
2.57261 3.64139
2.57261 3.78419
2.57261 3.92699
2.57261 4.06979
2.57261 4.21259
2.57261 4.35539
2.57261 4.49819
2.57261 4.64099
2.57261 4.78379
2.57261 4.92659
2.57261 5.06939
2.57261 5.21219
2.57261 5.35499
2.57261 5.49779
2.57261 5.64059
2.57261 5.78339
2.57261 5.92619
2.57261 6.06899
2.57261 6.21179
2.62558 0.07854
2.62558 0.23562
2.62558 0.39270
2.62558 0.54978
2.62558 0.70686
2.62558 0.86394
2.62558 1.02102
2.62558 1.17810
2.62558 1.33518
2.62558 1.49226
2.62558 1.64934
2.62558 1.80642
2.62558 1.96350
2.62558 2.12058
2.62558 2.27765
2.62558 2.43473
2.62558 2.59181
2.62558 2.74889
2.62558 2.90597
2.62558 3.06305
2.62558 3.22013
2.62558 3.37721
2.62558 3.53429
2.62558 3.69137
2.62558 3.84845
2.62558 4.00553
2.62558 4.16261
2.62558 4.31969
2.62558 4.47677
2.62558 4.63385
2.62558 4.79093
2.62558 4.94801
2.62558 5.10509
2.62558 5.26217
2.62558 5.41925
2.62558 5.57633
2.62558 5.73341
2.62558 5.89049
2.62558 6.04757
2.62558 6.20465
2.67818 0.08727
2.67818 0.26180
2.67818 0.43633
2.67818 0.61087
2.67818 0.78540
2.67818 0.95993
2.67818 1.13446
2.67818 1.30900
2.67818 1.48353
2.67818 1.65806
2.67818 1.83260
2.67818 2.00713
2.67818 2.18166
2.67818 2.35619
2.67818 2.53073
2.67818 2.70526
2.67818 2.87979
2.67818 3.05433
2.67818 3.22886
2.67818 3.40339
2.67818 3.57792
2.67818 3.75246
2.67818 3.92699
2.67818 4.10152
2.67818 4.27606
2.67818 4.45059
2.67818 4.62512
2.67818 4.79966
2.67818 4.97419
2.67818 5.14872
2.67818 5.32325
2.67818 5.49779
2.67818 5.67232
2.67818 5.84685
2.67818 6.02139
2.67818 6.19592
2.73045 0.09817
2.73045 0.29452
2.73045 0.49087
2.73045 0.68722
2.73045 0.88357
2.73045 1.07992
2.73045 1.27627
2.73045 1.47262
2.73045 1.66897
2.73045 1.86532
2.73045 2.06167
2.73045 2.25802
2.73045 2.45437
2.73045 2.65072
2.73045 2.84707
2.73045 3.04342
2.73045 3.23977
2.73045 3.43612
2.73045 3.63247
2.73045 3.82882
2.73045 4.02517
2.73045 4.22152
2.73045 4.41786
2.73045 4.61421
2.73045 4.81056
2.73045 5.00691
2.73045 5.20326
2.73045 5.39961
2.73045 5.59596
2.73045 5.79231
2.73045 5.98866
2.73045 6.18501
2.78245 0.11220
2.78245 0.33660
2.78245 0.56100
2.78245 0.78540
2.78245 1.00980
2.78245 1.23420
2.78245 1.45860
2.78245 1.68300
2.78245 1.90740
2.78245 2.13180
2.78245 2.35619
2.78245 2.58059
2.78245 2.80499
2.78245 3.02939
2.78245 3.25379
2.78245 3.47819
2.78245 3.70259
2.78245 3.92699
2.78245 4.15139
2.78245 4.37579
2.78245 4.60019
2.78245 4.82459
2.78245 5.04899
2.78245 5.27339
2.78245 5.49779
2.78245 5.72219
2.78245 5.94659
2.78245 6.17099
2.83420 0.13090
2.83420 0.39270
2.83420 0.65450
2.83420 0.91630
2.83420 1.17810
2.83420 1.43990
2.83420 1.70170
2.83420 1.96350
2.83420 2.22529
2.83420 2.48709
2.83420 2.74889
2.83420 3.01069
2.83420 3.27249
2.83420 3.53429
2.83420 3.79609
2.83420 4.05789
2.83420 4.31969
2.83420 4.58149
2.83420 4.84329
2.83420 5.10509
2.83420 5.36689
2.83420 5.62869
2.83420 5.89049
2.83420 6.15229
2.88574 0.15708
2.88574 0.47124
2.88574 0.78540
2.88574 1.09956
2.88574 1.41372
2.88574 1.72788
2.88574 2.04204
2.88574 2.35619
2.88574 2.67035
2.88574 2.98451
2.88574 3.29867
2.88574 3.61283
2.88574 3.92699
2.88574 4.24115
2.88574 4.55531
2.88574 4.86947
2.88574 5.18363
2.88574 5.49779
2.88574 5.81195
2.88574 6.12611
2.93711 0.19635
2.93711 0.58905
2.93711 0.98175
2.93711 1.37445
2.93711 1.76715
2.93711 2.15984
2.93711 2.55254
2.93711 2.94524
2.93711 3.33794
2.93711 3.73064
2.93711 4.12334
2.93711 4.51604
2.93711 4.90874
2.93711 5.30144
2.93711 5.69414
2.93711 6.08684
2.98835 0.26180
2.98835 0.78540
2.98835 1.30900
2.98835 1.83260
2.98835 2.35619
2.98835 2.87979
2.98835 3.40339
2.98835 3.92699
2.98835 4.45059
2.98835 4.97419
2.98835 5.49779
2.98835 6.02139
3.03949 0.39270
3.03949 1.17810
3.03949 1.96350
3.03949 2.74889
3.03949 3.53429
3.03949 4.31969
3.03949 5.10509
3.03949 5.89049
3.09056 0.78540
3.09056 2.35619
3.09056 3.92699
3.09056 5.49779
