0.10211 0.78540
0.10211 2.35619
0.10211 3.92699
0.10211 5.49779
0.20448 0.39270
0.20448 1.17810
0.20448 1.96350
0.20448 2.74889
0.20448 3.53429
0.20448 4.31969
0.20448 5.10509
0.20448 5.89049
0.30740 0.26180
0.30740 0.78540
0.30740 1.30900
0.30740 1.83260
0.30740 2.35619
0.30740 2.87979
0.30740 3.40339
0.30740 3.92699
0.30740 4.45059
0.30740 4.97419
0.30740 5.49779
0.30740 6.02139
0.41114 0.19635
0.41114 0.58905
0.41114 0.98175
0.41114 1.37445
0.41114 1.76715
0.41114 2.15984
0.41114 2.55254
0.41114 2.94524
0.41114 3.33794
0.41114 3.73064
0.41114 4.12334
0.41114 4.51604
0.41114 4.90874
0.41114 5.30144
0.41114 5.69414
0.41114 6.08684
0.51602 0.15708
0.51602 0.47124
0.51602 0.78540
0.51602 1.09956
0.51602 1.41372
0.51602 1.72788
0.51602 2.04204
0.51602 2.35619
0.51602 2.67035
0.51602 2.98451
0.51602 3.29867
0.51602 3.61283
0.51602 3.92699
0.51602 4.24115
0.51602 4.55531
0.51602 4.86947
0.51602 5.18363
0.51602 5.49779
0.51602 5.81195
0.51602 6.12611
0.62237 0.13090
0.62237 0.39270
0.62237 0.65450
0.62237 0.91630
0.62237 1.17810
0.62237 1.43990
0.62237 1.70170
0.62237 1.96350
0.62237 2.22529
0.62237 2.48709
0.62237 2.74889
0.62237 3.01069
0.62237 3.27249
0.62237 3.53429
0.62237 3.79609
0.62237 4.05789
0.62237 4.31969
0.62237 4.58149
0.62237 4.84329
0.62237 5.10509
0.62237 5.36689
0.62237 5.62869
0.62237 5.89049
0.62237 6.15229
0.73057 0.11220
0.73057 0.33660
0.73057 0.56100
0.73057 0.78540
0.73057 1.00980
0.73057 1.23420
0.73057 1.45860
0.73057 1.68300
0.73057 1.90740
0.73057 2.13180
0.73057 2.35619
0.73057 2.58059
0.73057 2.80499
0.73057 3.02939
0.73057 3.25379
0.73057 3.47819
0.73057 3.70259
0.73057 3.92699
0.73057 4.15139
0.73057 4.37579
0.73057 4.60019
0.73057 4.82459
0.73057 5.04899
0.73057 5.27339
0.73057 5.49779
0.73057 5.72219
0.73057 5.94659
0.73057 6.17099
0.84107 0.09817
0.84107 0.29452
0.84107 0.49087
0.84107 0.68722
0.84107 0.88357
0.84107 1.07992
0.84107 1.27627
0.84107 1.47262
0.84107 1.66897
0.84107 1.86532
0.84107 2.06167
0.84107 2.25802
0.84107 2.45437
0.84107 2.65072
0.84107 2.84707
0.84107 3.04342
0.84107 3.23977
0.84107 3.43612
0.84107 3.63247
0.84107 3.82882
0.84107 4.02517
0.84107 4.22152
0.84107 4.41786
0.84107 4.61421
0.84107 4.81056
0.84107 5.00691
0.84107 5.20326
0.84107 5.39961
0.84107 5.59596
0.84107 5.79231
0.84107 5.98866
0.84107 6.18501
0.94797 0.19635
0.94797 0.39270
0.94797 0.58905
0.94797 0.78540
0.94797 0.98175
0.94797 1.17810
0.94797 1.37445
0.94797 1.57080
0.94797 1.76715
0.94797 1.96350
0.94797 2.15984
0.94797 2.35619
0.94797 2.55254
0.94797 2.74889
0.94797 2.94524
0.94797 3.14159
0.94797 3.33794
0.94797 3.53429
0.94797 3.73064
0.94797 3.92699
0.94797 4.12334
0.94797 4.31969
0.94797 4.51604
0.94797 4.71239
0.94797 4.90874
0.94797 5.10509
0.94797 5.30144
0.94797 5.49779
0.94797 5.69414
0.94797 5.89049
0.94797 6.08684
0.94797 6.28319
1.04720 0.09817
1.04720 0.29452
1.04720 0.49087
1.04720 0.68722
1.04720 0.88357
1.04720 1.07992
1.04720 1.27627
1.04720 1.47262
1.04720 1.66897
1.04720 1.86532
1.04720 2.06167
1.04720 2.25802
1.04720 2.45437
1.04720 2.65072
1.04720 2.84707
1.04720 3.04342
1.04720 3.23977
1.04720 3.43612
1.04720 3.63247
1.04720 3.82882
1.04720 4.02517
1.04720 4.22152
1.04720 4.41786
1.04720 4.61421
1.04720 4.81056
1.04720 5.00691
1.04720 5.20326
1.04720 5.39961
1.04720 5.59596
1.04720 5.79231
1.04720 5.98866
1.04720 6.18501
1.14102 0.19635
1.14102 0.39270
1.14102 0.58905
1.14102 0.78540
1.14102 0.98175
1.14102 1.17810
1.14102 1.37445
1.14102 1.57080
1.14102 1.76715
1.14102 1.96350
1.14102 2.15984
1.14102 2.35619
1.14102 2.55254
1.14102 2.74889
1.14102 2.94524
1.14102 3.14159
1.14102 3.33794
1.14102 3.53429
1.14102 3.73064
1.14102 3.92699
1.14102 4.12334
1.14102 4.31969
1.14102 4.51604
1.14102 4.71239
1.14102 4.90874
1.14102 5.10509
1.14102 5.30144
1.14102 5.49779
1.14102 5.69414
1.14102 5.89049
1.14102 6.08684
1.14102 6.28319
1.23096 0.09817
1.23096 0.29452
1.23096 0.49087
1.23096 0.68722
1.23096 0.88357
1.23096 1.07992
1.23096 1.27627
1.23096 1.47262
1.23096 1.66897
1.23096 1.86532
1.23096 2.06167
1.23096 2.25802
1.23096 2.45437
1.23096 2.65072
1.23096 2.84707
1.23096 3.04342
1.23096 3.23977
1.23096 3.43612
1.23096 3.63247
1.23096 3.82882
1.23096 4.02517
1.23096 4.22152
1.23096 4.41786
1.23096 4.61421
1.23096 4.81056
1.23096 5.00691
1.23096 5.20326
1.23096 5.39961
1.23096 5.59596
1.23096 5.79231
1.23096 5.98866
1.23096 6.18501
1.31812 0.19635
1.31812 0.39270
1.31812 0.58905
1.31812 0.78540
1.31812 0.98175
1.31812 1.17810
1.31812 1.37445
1.31812 1.57080
1.31812 1.76715
1.31812 1.96350
1.31812 2.15984
1.31812 2.35619
1.31812 2.55254
1.31812 2.74889
1.31812 2.94524
1.31812 3.14159
1.31812 3.33794
1.31812 3.53429
1.31812 3.73064
1.31812 3.92699
1.31812 4.12334
1.31812 4.31969
1.31812 4.51604
1.31812 4.71239
1.31812 4.90874
1.31812 5.10509
1.31812 5.30144
1.31812 5.49779
1.31812 5.69414
1.31812 5.89049
1.31812 6.08684
1.31812 6.28319
1.40335 0.09817
1.40335 0.29452
1.40335 0.49087
1.40335 0.68722
1.40335 0.88357
1.40335 1.07992
1.40335 1.27627
1.40335 1.47262
1.40335 1.66897
1.40335 1.86532
1.40335 2.06167
1.40335 2.25802
1.40335 2.45437
1.40335 2.65072
1.40335 2.84707
1.40335 3.04342
1.40335 3.23977
1.40335 3.43612
1.40335 3.63247
1.40335 3.82882
1.40335 4.02517
1.40335 4.22152
1.40335 4.41786
1.40335 4.61421
1.40335 4.81056
1.40335 5.00691
1.40335 5.20326
1.40335 5.39961
1.40335 5.59596
1.40335 5.79231
1.40335 5.98866
1.40335 6.18501
1.48737 0.19635
1.48737 0.39270
1.48737 0.58905
1.48737 0.78540
1.48737 0.98175
1.48737 1.17810
1.48737 1.37445
1.48737 1.57080
1.48737 1.76715
1.48737 1.96350
1.48737 2.15984
1.48737 2.35619
1.48737 2.55254
1.48737 2.74889
1.48737 2.94524
1.48737 3.14159
1.48737 3.33794
1.48737 3.53429
1.48737 3.73064
1.48737 3.92699
1.48737 4.12334
1.48737 4.31969
1.48737 4.51604
1.48737 4.71239
1.48737 4.90874
1.48737 5.10509
1.48737 5.30144
1.48737 5.49779
1.48737 5.69414
1.48737 5.89049
1.48737 6.08684
1.48737 6.28319
1.57080 0.09817
1.57080 0.29452
1.57080 0.49087
1.57080 0.68722
1.57080 0.88357
1.57080 1.07992
1.57080 1.27627
1.57080 1.47262
1.57080 1.66897
1.57080 1.86532
1.57080 2.06167
1.57080 2.25802
1.57080 2.45437
1.57080 2.65072
1.57080 2.84707
1.57080 3.04342
1.57080 3.23977
1.57080 3.43612
1.57080 3.63247
1.57080 3.82882
1.57080 4.02517
1.57080 4.22152
1.57080 4.41786
1.57080 4.61421
1.57080 4.81056
1.57080 5.00691
1.57080 5.20326
1.57080 5.39961
1.57080 5.59596
1.57080 5.79231
1.57080 5.98866
1.57080 6.18501
1.65423 0.19635
1.65423 0.39270
1.65423 0.58905
1.65423 0.78540
1.65423 0.98175
1.65423 1.17810
1.65423 1.37445
1.65423 1.57080
1.65423 1.76715
1.65423 1.96350
1.65423 2.15984
1.65423 2.35619
1.65423 2.55254
1.65423 2.74889
1.65423 2.94524
1.65423 3.14159
1.65423 3.33794
1.65423 3.53429
1.65423 3.73064
1.65423 3.92699
1.65423 4.12334
1.65423 4.31969
1.65423 4.51604
1.65423 4.71239
1.65423 4.90874
1.65423 5.10509
1.65423 5.30144
1.65423 5.49779
1.65423 5.69414
1.65423 5.89049
1.65423 6.08684
1.65423 6.28319
1.73824 0.09817
1.73824 0.29452
1.73824 0.49087
1.73824 0.68722
1.73824 0.88357
1.73824 1.07992
1.73824 1.27627
1.73824 1.47262
1.73824 1.66897
1.73824 1.86532
1.73824 2.06167
1.73824 2.25802
1.73824 2.45437
1.73824 2.65072
1.73824 2.84707
1.73824 3.04342
1.73824 3.23977
1.73824 3.43612
1.73824 3.63247
1.73824 3.82882
1.73824 4.02517
1.73824 4.22152
1.73824 4.41786
1.73824 4.61421
1.73824 4.81056
1.73824 5.00691
1.73824 5.20326
1.73824 5.39961
1.73824 5.59596
1.73824 5.79231
1.73824 5.98866
1.73824 6.18501
1.82348 0.19635
1.82348 0.39270
1.82348 0.58905
1.82348 0.78540
1.82348 0.98175
1.82348 1.17810
1.82348 1.37445
1.82348 1.57080
1.82348 1.76715
1.82348 1.96350
1.82348 2.15984
1.82348 2.35619
1.82348 2.55254
1.82348 2.74889
1.82348 2.94524
1.82348 3.14159
1.82348 3.33794
1.82348 3.53429
1.82348 3.73064
1.82348 3.92699
1.82348 4.12334
1.82348 4.31969
1.82348 4.51604
1.82348 4.71239
1.82348 4.90874
1.82348 5.10509
1.82348 5.30144
1.82348 5.49779
1.82348 5.69414
1.82348 5.89049
1.82348 6.08684
1.82348 6.28319
1.91063 0.09817
1.91063 0.29452
1.91063 0.49087
1.91063 0.68722
1.91063 0.88357
1.91063 1.07992
1.91063 1.27627
1.91063 1.47262
1.91063 1.66897
1.91063 1.86532
1.91063 2.06167
1.91063 2.25802
1.91063 2.45437
1.91063 2.65072
1.91063 2.84707
1.91063 3.04342
1.91063 3.23977
1.91063 3.43612
1.91063 3.63247
1.91063 3.82882
1.91063 4.02517
1.91063 4.22152
1.91063 4.41786
1.91063 4.61421
1.91063 4.81056
1.91063 5.00691
1.91063 5.20326
1.91063 5.39961
1.91063 5.59596
1.91063 5.79231
1.91063 5.98866
1.91063 6.18501
2.00057 0.19635
2.00057 0.39270
2.00057 0.58905
2.00057 0.78540
2.00057 0.98175
2.00057 1.17810
2.00057 1.37445
2.00057 1.57080
2.00057 1.76715
2.00057 1.96350
2.00057 2.15984
2.00057 2.35619
2.00057 2.55254
2.00057 2.74889
2.00057 2.94524
2.00057 3.14159
2.00057 3.33794
2.00057 3.53429
2.00057 3.73064
2.00057 3.92699
2.00057 4.12334
2.00057 4.31969
2.00057 4.51604
2.00057 4.71239
2.00057 4.90874
2.00057 5.10509
2.00057 5.30144
2.00057 5.49779
2.00057 5.69414
2.00057 5.89049
2.00057 6.08684
2.00057 6.28319
2.09440 0.09817
2.09440 0.29452
2.09440 0.49087
2.09440 0.68722
2.09440 0.88357
2.09440 1.07992
2.09440 1.27627
2.09440 1.47262
2.09440 1.66897
2.09440 1.86532
2.09440 2.06167
2.09440 2.25802
2.09440 2.45437
2.09440 2.65072
2.09440 2.84707
2.09440 3.04342
2.09440 3.23977
2.09440 3.43612
2.09440 3.63247
2.09440 3.82882
2.09440 4.02517
2.09440 4.22152
2.09440 4.41786
2.09440 4.61421
2.09440 4.81056
2.09440 5.00691
2.09440 5.20326
2.09440 5.39961
2.09440 5.59596
2.09440 5.79231
2.09440 5.98866
2.09440 6.18501
2.19362 0.19635
2.19362 0.39270
2.19362 0.58905
2.19362 0.78540
2.19362 0.98175
2.19362 1.17810
2.19362 1.37445
2.19362 1.57080
2.19362 1.76715
2.19362 1.96350
2.19362 2.15984
2.19362 2.35619
2.19362 2.55254
2.19362 2.74889
2.19362 2.94524
2.19362 3.14159
2.19362 3.33794
2.19362 3.53429
2.19362 3.73064
2.19362 3.92699
2.19362 4.12334
2.19362 4.31969
2.19362 4.51604
2.19362 4.71239
2.19362 4.90874
2.19362 5.10509
2.19362 5.30144
2.19362 5.49779
2.19362 5.69414
2.19362 5.89049
2.19362 6.08684
2.19362 6.28319
2.30052 0.09817
2.30052 0.29452
2.30052 0.49087
2.30052 0.68722
2.30052 0.88357
2.30052 1.07992
2.30052 1.27627
2.30052 1.47262
2.30052 1.66897
2.30052 1.86532
2.30052 2.06167
2.30052 2.25802
2.30052 2.45437
2.30052 2.65072
2.30052 2.84707
2.30052 3.04342
2.30052 3.23977
2.30052 3.43612
2.30052 3.63247
2.30052 3.82882
2.30052 4.02517
2.30052 4.22152
2.30052 4.41786
2.30052 4.61421
2.30052 4.81056
2.30052 5.00691
2.30052 5.20326
2.30052 5.39961
2.30052 5.59596
2.30052 5.79231
2.30052 5.98866
2.30052 6.18501
2.41102 0.11220
2.41102 0.33660
2.41102 0.56100
2.41102 0.78540
2.41102 1.00980
2.41102 1.23420
2.41102 1.45860
2.41102 1.68300
2.41102 1.90740
2.41102 2.13180
2.41102 2.35619
2.41102 2.58059
2.41102 2.80499
2.41102 3.02939
2.41102 3.25379
2.41102 3.47819
2.41102 3.70259
2.41102 3.92699
2.41102 4.15139
2.41102 4.37579
2.41102 4.60019
2.41102 4.82459
2.41102 5.04899
2.41102 5.27339
2.41102 5.49779
2.41102 5.72219
2.41102 5.94659
2.41102 6.17099
2.51922 0.13090
2.51922 0.39270
2.51922 0.65450
2.51922 0.91630
2.51922 1.17810
2.51922 1.43990
2.51922 1.70170
2.51922 1.96350
2.51922 2.22529
2.51922 2.48709
2.51922 2.74889
2.51922 3.01069
2.51922 3.27249
2.51922 3.53429
2.51922 3.79609
2.51922 4.05789
2.51922 4.31969
2.51922 4.58149
2.51922 4.84329
2.51922 5.10509
2.51922 5.36689
2.51922 5.62869
2.51922 5.89049
2.51922 6.15229
2.62558 0.15708
2.62558 0.47124
2.62558 0.78540
2.62558 1.09956
2.62558 1.41372
2.62558 1.72788
2.62558 2.04204
2.62558 2.35619
2.62558 2.67035
2.62558 2.98451
2.62558 3.29867
2.62558 3.61283
2.62558 3.92699
2.62558 4.24115
2.62558 4.55531
2.62558 4.86947
2.62558 5.18363
2.62558 5.49779
2.62558 5.81195
2.62558 6.12611
2.73045 0.19635
2.73045 0.58905
2.73045 0.98175
2.73045 1.37445
2.73045 1.76715
2.73045 2.15984
2.73045 2.55254
2.73045 2.94524
2.73045 3.33794
2.73045 3.73064
2.73045 4.12334
2.73045 4.51604
2.73045 4.90874
2.73045 5.30144
2.73045 5.69414
2.73045 6.08684
2.83420 0.26180
2.83420 0.78540
2.83420 1.30900
2.83420 1.83260
2.83420 2.35619
2.83420 2.87979
2.83420 3.40339
2.83420 3.92699
2.83420 4.45059
2.83420 4.97419
2.83420 5.49779
2.83420 6.02139
2.93711 0.39270
2.93711 1.17810
2.93711 1.96350
2.93711 2.74889
2.93711 3.53429
2.93711 4.31969
2.93711 5.10509
2.93711 5.89049
3.03949 0.78540
3.03949 2.35619
3.03949 3.92699
3.03949 5.49779
