1.40335 0.78540
1.23096 0.98175
1.23096 0.58905
1.04720 0.78540
1.04720 1.17810
0.84107 1.37445
0.84107 0.98175
0.62237 1.30900
1.04720 0.39270
0.84107 0.58905
0.84107 0.19635
0.62237 0.26180
0.62237 0.78540
0.41114 1.17810
0.41114 0.39270
0.20448 0.78540
1.40335 2.35619
1.23096 2.55254
1.23096 2.15984
1.04720 2.35619
1.04720 2.74889
0.84107 2.94524
0.84107 2.55254
0.62237 2.87979
1.04720 1.96350
0.84107 2.15984
0.84107 1.76715
0.62237 1.83260
0.62237 2.35619
0.41114 2.74889
0.41114 1.96350
0.20448 2.35619
1.40335 3.92699
1.23096 4.12334
1.23096 3.73064
1.04720 3.92699
1.04720 4.31969
0.84107 4.51604
0.84107 4.12334
0.62237 4.45059
1.04720 3.53429
0.84107 3.73064
0.84107 3.33794
0.62237 3.40339
0.62237 3.92699
0.41114 4.31969
0.41114 3.53429
0.20448 3.92699
1.40335 5.49779
1.23096 5.69414
1.23096 5.30144
1.04720 5.49779
1.04720 5.89049
0.84107 6.08684
0.84107 5.69414
0.62237 6.02139
1.04720 5.10509
0.84107 5.30144
0.84107 4.90874
0.62237 4.97419
0.62237 5.49779
0.41114 5.89049
0.41114 5.10509
0.20448 5.49779
2.09440 6.28319
1.91063 0.19635
1.91063 6.08684
1.73824 6.28319
1.73824 0.39270
1.57080 0.58905
1.57080 0.19635
1.40335 0.39270
1.73824 5.89049
1.57080 6.08684
1.57080 5.69414
1.40335 5.89049
1.40335 6.28319
1.23096 0.19635
1.23096 6.08684
1.04720 6.28319
2.09440 1.57080
1.91063 1.76715
1.91063 1.37445
1.73824 1.57080
1.73824 1.96350
1.57080 2.15984
1.57080 1.76715
1.40335 1.96350
1.73824 1.17810
1.57080 1.37445
1.57080 0.98175
1.40335 1.17810
1.40335 1.57080
1.23096 1.76715
1.23096 1.37445
1.04720 1.57080
2.09440 3.14159
1.91063 3.33794
1.91063 2.94524
1.73824 3.14159
1.73824 3.53429
1.57080 3.73064
1.57080 3.33794
1.40335 3.53429
1.73824 2.74889
1.57080 2.94524
1.57080 2.55254
1.40335 2.74889
1.40335 3.14159
1.23096 3.33794
1.23096 2.94524
1.04720 3.14159
2.09440 4.71239
1.91063 4.90874
1.91063 4.51604
1.73824 4.71239
1.73824 5.10509
1.57080 5.30144
1.57080 4.90874
1.40335 5.10509
1.73824 4.31969
1.57080 4.51604
1.57080 4.12334
1.40335 4.31969
1.40335 4.71239
1.23096 4.90874
1.23096 4.51604
1.04720 4.71239
2.93711 0.78540
2.73045 1.17810
2.73045 0.39270
2.51922 0.78540
2.51922 1.30900
2.30052 1.37445
2.30052 0.98175
2.09440 1.17810
2.51922 0.26180
2.30052 0.58905
2.30052 0.19635
2.09440 0.39270
2.09440 0.78540
1.91063 0.98175
1.91063 0.58905
1.73824 0.78540
2.93711 2.35619
2.73045 2.74889
2.73045 1.96350
2.51922 2.35619
2.51922 2.87979
2.30052 2.94524
2.30052 2.55254
2.09440 2.74889
2.51922 1.83260
2.30052 2.15984
2.30052 1.76715
2.09440 1.96350
2.09440 2.35619
1.91063 2.55254
1.91063 2.15984
1.73824 2.35619
2.93711 3.92699
2.73045 4.31969
2.73045 3.53429
2.51922 3.92699
2.51922 4.45059
2.30052 4.51604
2.30052 4.12334
2.09440 4.31969
2.51922 3.40339
2.30052 3.73064
2.30052 3.33794
2.09440 3.53429
2.09440 3.92699
1.91063 4.12334
1.91063 3.73064
1.73824 3.92699
2.93711 5.49779
2.73045 5.89049
2.73045 5.10509
2.51922 5.49779
2.51922 6.02139
2.30052 6.08684
2.30052 5.69414
2.09440 5.89049
2.51922 4.97419
2.30052 5.30144
2.30052 4.90874
2.09440 5.10509
2.09440 5.49779
1.91063 5.69414
1.91063 5.30144
1.73824 5.49779
