1.48736624018 0.785398163397
1.40334824758 0.883572933822
1.40334824758 0.687223392973
1.31811607165 0.785398163397
1.31811607165 0.981747704247
1.23095941734 1.07992247467
1.23095941734 0.883572933822
1.14102089549 0.981747704247
1.31811607165 0.589048622548
1.23095941734 0.687223392973
1.23095941734 0.490873852123
1.14102089549 0.589048622548
1.14102089549 0.785398163397
1.0471975512 0.883572933822
1.0471975512 0.687223392973
0.947969741383 0.785398163397
1.14102089549 1.1780972451
1.0471975512 1.27627201552
1.0471975512 1.07992247467
0.947969741383 1.1780972451
0.947969741383 1.37444678595
0.841068670568 1.47262155637
0.841068670568 1.27627201552
0.730573744897 1.45859658917
0.947969741383 0.981747704247
0.841068670568 1.07992247467
0.841068670568 0.883572933822
0.730573744897 1.00979763865
0.730573744897 1.23419711391
0.622368488555 1.4398966329
0.622368488555 1.1780972451
0.516016387355 1.41371669412
1.14102089549 0.392699081699
1.0471975512 0.490873852123
1.0471975512 0.294524311274
0.947969741383 0.392699081699
0.947969741383 0.589048622548
0.841068670568 0.687223392973
0.841068670568 0.490873852123
0.730573744897 0.560998688141
0.947969741383 0.196349540849
0.841068670568 0.294524311274
0.841068670568 0.0981747704247
0.730573744897 0.112199737628
0.730573744897 0.336599212885
0.622368488555 0.392699081699
0.622368488555 0.1308996939
0.516016387355 0.157079632679
0.730573744897 0.785398163397
0.622368488555 0.916297857297
0.622368488555 0.654498469498
0.516016387355 0.785398163397
0.516016387355 1.09955742876
0.411137862322 1.37444678595
0.411137862322 0.981747704247
0.307395051085 1.308996939
0.516016387355 0.471238898038
0.411137862322 0.589048622548
0.411137862322 0.196349540849
0.307395051085 0.261799387799
0.307395051085 0.785398163397
0.204480198969 1.1780972451
0.204480198969 0.392699081699
0.102106422383 0.785398163397
1.48736624018 2.35619449019
1.40334824758 2.45436926062
1.40334824758 2.25801971977
1.31811607165 2.35619449019
1.31811607165 2.55254403104
1.23095941734 2.65071880147
1.23095941734 2.45436926062
1.14102089549 2.55254403104
1.31811607165 2.15984494934
1.23095941734 2.25801971977
1.23095941734 2.06167017892
1.14102089549 2.15984494934
1.14102089549 2.35619449019
1.0471975512 2.45436926062
1.0471975512 2.25801971977
0.947969741383 2.35619449019
1.14102089549 2.74889357189
1.0471975512 2.84706834232
1.0471975512 2.65071880147
0.947969741383 2.74889357189
0.947969741383 2.94524311274
0.841068670568 3.04341788317
0.841068670568 2.84706834232
0.730573744897 3.02939291596
0.947969741383 2.55254403104
0.841068670568 2.65071880147
0.841068670568 2.45436926062
0.730573744897 2.58059396545
0.730573744897 2.80499344071
0.622368488555 3.01069295969
0.622368488555 2.74889357189
0.516016387355 2.98451302091
1.14102089549 1.96349540849
1.0471975512 2.06167017892
1.0471975512 1.86532063807
0.947969741383 1.96349540849
0.947969741383 2.15984494934
0.841068670568 2.25801971977
0.841068670568 2.06167017892
0.730573744897 2.13179501494
0.947969741383 1.76714586764
0.841068670568 1.86532063807
0.841068670568 1.66897109722
0.730573744897 1.68299606442
0.730573744897 1.90739553968
0.622368488555 1.96349540849
0.622368488555 1.70169602069
0.516016387355 1.72787595947
0.730573744897 2.35619449019
0.622368488555 2.48709418409
0.622368488555 2.22529479629
0.516016387355 2.35619449019
0.516016387355 2.67035375555
0.411137862322 2.94524311274
0.411137862322 2.55254403104
0.307395051085 2.87979326579
0.516016387355 2.04203522483
0.411137862322 2.15984494934
0.411137862322 1.76714586764
0.307395051085 1.83259571459
0.307395051085 2.35619449019
0.204480198969 2.74889357189
0.204480198969 1.96349540849
0.102106422383 2.35619449019
1.48736624018 3.92699081699
1.40334824758 4.02516558741
1.40334824758 3.82881604656
1.31811607165 3.92699081699
1.31811607165 4.12334035784
1.23095941734 4.22151512826
1.23095941734 4.02516558741
1.14102089549 4.12334035784
1.31811607165 3.73064127614
1.23095941734 3.82881604656
1.23095941734 3.63246650571
1.14102089549 3.73064127614
1.14102089549 3.92699081699
1.0471975512 4.02516558741
1.0471975512 3.82881604656
0.947969741383 3.92699081699
1.14102089549 4.31968989869
1.0471975512 4.41786466911
1.0471975512 4.22151512826
0.947969741383 4.31968989869
0.947969741383 4.51603943954
0.841068670568 4.61421420996
0.841068670568 4.41786466911
0.730573744897 4.60018924276
0.947969741383 4.12334035784
0.841068670568 4.22151512826
0.841068670568 4.02516558741
0.730573744897 4.15139029224
0.730573744897 4.3757897675
0.622368488555 4.58148928649
0.622368488555 4.31968989869
0.516016387355 4.55530934771
1.14102089549 3.53429173529
1.0471975512 3.63246650571
1.0471975512 3.43611696486
0.947969741383 3.53429173529
0.947969741383 3.73064127614
0.841068670568 3.82881604656
0.841068670568 3.63246650571
0.730573744897 3.70259134173
0.947969741383 3.33794219444
0.841068670568 3.43611696486
0.841068670568 3.23976742401
0.730573744897 3.25379239122
0.730573744897 3.47819186647
0.622368488555 3.53429173529
0.622368488555 3.27249234749
0.516016387355 3.29867228627
0.730573744897 3.92699081699
0.622368488555 4.05789051089
0.622368488555 3.79609112309
0.516016387355 3.92699081699
0.516016387355 4.24115008235
0.411137862322 4.51603943954
0.411137862322 4.12334035784
0.307395051085 4.45058959259
0.516016387355 3.61283155163
0.411137862322 3.73064127614
0.411137862322 3.33794219444
0.307395051085 3.40339204139
0.307395051085 3.92699081699
0.204480198969 4.31968989869
0.204480198969 3.53429173529
0.102106422383 3.92699081699
1.48736624018 5.49778714378
1.40334824758 5.59596191421
1.40334824758 5.39961237336
1.31811607165 5.49778714378
1.31811607165 5.69413668463
1.23095941734 5.79231145506
1.23095941734 5.59596191421
1.14102089549 5.69413668463
1.31811607165 5.30143760293
1.23095941734 5.39961237336
1.23095941734 5.20326283251
1.14102089549 5.30143760293
1.14102089549 5.49778714378
1.0471975512 5.59596191421
1.0471975512 5.39961237336
0.947969741383 5.49778714378
1.14102089549 5.89048622548
1.0471975512 5.98866099591
1.0471975512 5.79231145506
0.947969741383 5.89048622548
0.947969741383 6.08683576633
0.841068670568 6.18501053675
0.841068670568 5.98866099591
0.730573744897 6.17098556955
0.947969741383 5.69413668463
0.841068670568 5.79231145506
0.841068670568 5.59596191421
0.730573744897 5.72218661904
0.730573744897 5.94658609429
0.622368488555 6.15228561328
0.622368488555 5.89048622548
0.516016387355 6.1261056745
1.14102089549 5.10508806208
1.0471975512 5.20326283251
1.0471975512 5.00691329166
0.947969741383 5.10508806208
0.947969741383 5.30143760293
0.841068670568 5.39961237336
0.841068670568 5.20326283251
0.730573744897 5.27338766853
0.947969741383 4.90873852123
0.841068670568 5.00691329166
0.841068670568 4.81056375081
0.730573744897 4.82458871801
0.730573744897 5.04898819327
0.622368488555 5.10508806208
0.622368488555 4.84328867428
0.516016387355 4.86946861306
0.730573744897 5.49778714378
0.622368488555 5.62868683768
0.622368488555 5.36688744988
0.516016387355 5.49778714378
0.516016387355 5.81194640914
0.411137862322 6.08683576633
0.411137862322 5.69413668463
0.307395051085 6.02138591938
0.516016387355 5.18362787842
0.411137862322 5.30143760293
0.411137862322 4.90873852123
0.307395051085 4.97418836818
0.307395051085 5.49778714378
0.204480198969 5.89048622548
0.204480198969 5.10508806208
0.102106422383 5.49778714378
2.19362291221 0.0
2.09439510239 0.0981747704247
2.09439510239 6.18501053675
2.0005717581 0.0
2.0005717581 0.196349540849
1.91063323625 0.294524311274
1.91063323625 0.0981747704247
1.82347658194 0.196349540849
2.0005717581 6.08683576633
1.91063323625 6.18501053675
1.91063323625 5.98866099591
1.82347658194 6.08683576633
1.82347658194 0.0
1.73824440601 0.0981747704247
1.73824440601 6.18501053675
1.65422641341 0.0
1.82347658194 0.392699081699
1.73824440601 0.490873852123
1.73824440601 0.294524311274
1.65422641341 0.392699081699
1.65422641341 0.589048622548
1.57079632679 0.687223392973
1.57079632679 0.490873852123
1.48736624018 0.589048622548
1.65422641341 0.196349540849
1.57079632679 0.294524311274
1.57079632679 0.0981747704247
1.48736624018 0.196349540849
1.48736624018 0.392699081699
1.40334824758 0.490873852123
1.40334824758 0.294524311274
1.31811607165 0.392699081699
1.82347658194 5.89048622548
1.73824440601 5.98866099591
1.73824440601 5.79231145506
1.65422641341 5.89048622548
1.65422641341 6.08683576633
1.57079632679 6.18501053675
1.57079632679 5.98866099591
1.48736624018 6.08683576633
1.65422641341 5.69413668463
1.57079632679 5.79231145506
1.57079632679 5.59596191421
1.48736624018 5.69413668463
1.48736624018 5.89048622548
1.40334824758 5.98866099591
1.40334824758 5.79231145506
1.31811607165 5.89048622548
1.48736624018 0.0
1.40334824758 0.0981747704247
1.40334824758 6.18501053675
1.31811607165 0.0
1.31811607165 0.196349540849
1.23095941734 0.294524311274
1.23095941734 0.0981747704247
1.14102089549 0.196349540849
1.31811607165 6.08683576633
1.23095941734 6.18501053675
1.23095941734 5.98866099591
1.14102089549 6.08683576633
1.14102089549 0.0
1.0471975512 0.0981747704247
1.0471975512 6.18501053675
0.947969741383 0.0
2.19362291221 1.57079632679
2.09439510239 1.66897109722
2.09439510239 1.47262155637
2.0005717581 1.57079632679
2.0005717581 1.76714586764
1.91063323625 1.86532063807
1.91063323625 1.66897109722
1.82347658194 1.76714586764
2.0005717581 1.37444678595
1.91063323625 1.47262155637
1.91063323625 1.27627201552
1.82347658194 1.37444678595
1.82347658194 1.57079632679
1.73824440601 1.66897109722
1.73824440601 1.47262155637
1.65422641341 1.57079632679
1.82347658194 1.96349540849
1.73824440601 2.06167017892
1.73824440601 1.86532063807
1.65422641341 1.96349540849
1.65422641341 2.15984494934
1.57079632679 2.25801971977
1.57079632679 2.06167017892
1.48736624018 2.15984494934
1.65422641341 1.76714586764
1.57079632679 1.86532063807
1.57079632679 1.66897109722
1.48736624018 1.76714586764
1.48736624018 1.96349540849
1.40334824758 2.06167017892
1.40334824758 1.86532063807
1.31811607165 1.96349540849
1.82347658194 1.1780972451
1.73824440601 1.27627201552
1.73824440601 1.07992247467
1.65422641341 1.1780972451
1.65422641341 1.37444678595
1.57079632679 1.47262155637
1.57079632679 1.27627201552
1.48736624018 1.37444678595
1.65422641341 0.981747704247
1.57079632679 1.07992247467
1.57079632679 0.883572933822
1.48736624018 0.981747704247
1.48736624018 1.1780972451
1.40334824758 1.27627201552
1.40334824758 1.07992247467
1.31811607165 1.1780972451
1.48736624018 1.57079632679
1.40334824758 1.66897109722
1.40334824758 1.47262155637
1.31811607165 1.57079632679
1.31811607165 1.76714586764
1.23095941734 1.86532063807
1.23095941734 1.66897109722
1.14102089549 1.76714586764
1.31811607165 1.37444678595
1.23095941734 1.47262155637
1.23095941734 1.27627201552
1.14102089549 1.37444678595
1.14102089549 1.57079632679
1.0471975512 1.66897109722
1.0471975512 1.47262155637
0.947969741383 1.57079632679
2.19362291221 3.14159265359
2.09439510239 3.23976742401
2.09439510239 3.04341788317
2.0005717581 3.14159265359
2.0005717581 3.33794219444
1.91063323625 3.43611696486
1.91063323625 3.23976742401
1.82347658194 3.33794219444
2.0005717581 2.94524311274
1.91063323625 3.04341788317
1.91063323625 2.84706834232
1.82347658194 2.94524311274
1.82347658194 3.14159265359
1.73824440601 3.23976742401
1.73824440601 3.04341788317
1.65422641341 3.14159265359
1.82347658194 3.53429173529
1.73824440601 3.63246650571
1.73824440601 3.43611696486
1.65422641341 3.53429173529
1.65422641341 3.73064127614
1.57079632679 3.82881604656
1.57079632679 3.63246650571
1.48736624018 3.73064127614
1.65422641341 3.33794219444
1.57079632679 3.43611696486
1.57079632679 3.23976742401
1.48736624018 3.33794219444
1.48736624018 3.53429173529
1.40334824758 3.63246650571
1.40334824758 3.43611696486
1.31811607165 3.53429173529
1.82347658194 2.74889357189
1.73824440601 2.84706834232
1.73824440601 2.65071880147
1.65422641341 2.74889357189
1.65422641341 2.94524311274
1.57079632679 3.04341788317
1.57079632679 2.84706834232
1.48736624018 2.94524311274
1.65422641341 2.55254403104
1.57079632679 2.65071880147
1.57079632679 2.45436926062
1.48736624018 2.55254403104
1.48736624018 2.74889357189
1.40334824758 2.84706834232
1.40334824758 2.65071880147
1.31811607165 2.74889357189
1.48736624018 3.14159265359
1.40334824758 3.23976742401
1.40334824758 3.04341788317
1.31811607165 3.14159265359
1.31811607165 3.33794219444
1.23095941734 3.43611696486
1.23095941734 3.23976742401
1.14102089549 3.33794219444
1.31811607165 2.94524311274
1.23095941734 3.04341788317
1.23095941734 2.84706834232
1.14102089549 2.94524311274
1.14102089549 3.14159265359
1.0471975512 3.23976742401
1.0471975512 3.04341788317
0.947969741383 3.14159265359
2.19362291221 4.71238898038
2.09439510239 4.81056375081
2.09439510239 4.61421420996
2.0005717581 4.71238898038
2.0005717581 4.90873852123
1.91063323625 5.00691329166
1.91063323625 4.81056375081
1.82347658194 4.90873852123
2.0005717581 4.51603943954
1.91063323625 4.61421420996
1.91063323625 4.41786466911
1.82347658194 4.51603943954
1.82347658194 4.71238898038
1.73824440601 4.81056375081
1.73824440601 4.61421420996
1.65422641341 4.71238898038
1.82347658194 5.10508806208
1.73824440601 5.20326283251
1.73824440601 5.00691329166
1.65422641341 5.10508806208
1.65422641341 5.30143760293
1.57079632679 5.39961237336
1.57079632679 5.20326283251
1.48736624018 5.30143760293
1.65422641341 4.90873852123
1.57079632679 5.00691329166
1.57079632679 4.81056375081
1.48736624018 4.90873852123
1.48736624018 5.10508806208
1.40334824758 5.20326283251
1.40334824758 5.00691329166
1.31811607165 5.10508806208
1.82347658194 4.31968989869
1.73824440601 4.41786466911
1.73824440601 4.22151512826
1.65422641341 4.31968989869
1.65422641341 4.51603943954
1.57079632679 4.61421420996
1.57079632679 4.41786466911
1.48736624018 4.51603943954
1.65422641341 4.12334035784
1.57079632679 4.22151512826
1.57079632679 4.02516558741
1.48736624018 4.12334035784
1.48736624018 4.31968989869
1.40334824758 4.41786466911
1.40334824758 4.22151512826
1.31811607165 4.31968989869
1.48736624018 4.71238898038
1.40334824758 4.81056375081
1.40334824758 4.61421420996
1.31811607165 4.71238898038
1.31811607165 4.90873852123
1.23095941734 5.00691329166
1.23095941734 4.81056375081
1.14102089549 4.90873852123
1.31811607165 4.51603943954
1.23095941734 4.61421420996
1.23095941734 4.41786466911
1.14102089549 4.51603943954
1.14102089549 4.71238898038
1.0471975512 4.81056375081
1.0471975512 4.61421420996
0.947969741383 4.71238898038
3.03948623121 0.785398163397
2.93711245462 1.1780972451
2.93711245462 0.392699081699
2.83419760251 0.785398163397
2.83419760251 1.308996939
2.73045479127 1.37444678595
2.73045479127 0.981747704247
2.62557626623 1.09955742876
2.83419760251 0.261799387799
2.73045479127 0.589048622548
2.73045479127 0.196349540849
2.62557626623 0.471238898038
2.62557626623 0.785398163397
2.51922416503 0.916297857297
2.51922416503 0.654498469498
2.41101890869 0.785398163397
2.62557626623 1.41371669412
2.51922416503 1.4398966329
2.51922416503 1.1780972451
2.41101890869 1.23419711391
2.41101890869 1.45859658917
2.30052398302 1.47262155637
2.30052398302 1.27627201552
2.19362291221 1.37444678595
2.41101890869 1.00979763865
2.30052398302 1.07992247467
2.30052398302 0.883572933822
2.19362291221 0.981747704247
2.19362291221 1.1780972451
2.09439510239 1.27627201552
2.09439510239 1.07992247467
2.0005717581 1.1780972451
2.62557626623 0.157079632679
2.51922416503 0.392699081699
2.51922416503 0.1308996939
2.41101890869 0.336599212885
2.41101890869 0.560998688141
2.30052398302 0.687223392973
2.30052398302 0.490873852123
2.19362291221 0.589048622548
2.41101890869 0.112199737628
2.30052398302 0.294524311274
2.30052398302 0.0981747704247
2.19362291221 0.196349540849
2.19362291221 0.392699081699
2.09439510239 0.490873852123
2.09439510239 0.294524311274
2.0005717581 0.392699081699
2.19362291221 0.785398163397
2.09439510239 0.883572933822
2.09439510239 0.687223392973
2.0005717581 0.785398163397
2.0005717581 0.981747704247
1.91063323625 1.07992247467
1.91063323625 0.883572933822
1.82347658194 0.981747704247
2.0005717581 0.589048622548
1.91063323625 0.687223392973
1.91063323625 0.490873852123
1.82347658194 0.589048622548
1.82347658194 0.785398163397
1.73824440601 0.883572933822
1.73824440601 0.687223392973
1.65422641341 0.785398163397
3.03948623121 2.35619449019
2.93711245462 2.74889357189
2.93711245462 1.96349540849
2.83419760251 2.35619449019
2.83419760251 2.87979326579
2.73045479127 2.94524311274
2.73045479127 2.55254403104
2.62557626623 2.67035375555
2.83419760251 1.83259571459
2.73045479127 2.15984494934
2.73045479127 1.76714586764
2.62557626623 2.04203522483
2.62557626623 2.35619449019
2.51922416503 2.48709418409
2.51922416503 2.22529479629
2.41101890869 2.35619449019
2.62557626623 2.98451302091
2.51922416503 3.01069295969
2.51922416503 2.74889357189
2.41101890869 2.80499344071
2.41101890869 3.02939291596
2.30052398302 3.04341788317
2.30052398302 2.84706834232
2.19362291221 2.94524311274
2.41101890869 2.58059396545
2.30052398302 2.65071880147
2.30052398302 2.45436926062
2.19362291221 2.55254403104
2.19362291221 2.74889357189
2.09439510239 2.84706834232
2.09439510239 2.65071880147
2.0005717581 2.74889357189
2.62557626623 1.72787595947
2.51922416503 1.96349540849
2.51922416503 1.70169602069
2.41101890869 1.90739553968
2.41101890869 2.13179501494
2.30052398302 2.25801971977
2.30052398302 2.06167017892
2.19362291221 2.15984494934
2.41101890869 1.68299606442
2.30052398302 1.86532063807
2.30052398302 1.66897109722
2.19362291221 1.76714586764
2.19362291221 1.96349540849
2.09439510239 2.06167017892
2.09439510239 1.86532063807
2.0005717581 1.96349540849
2.19362291221 2.35619449019
2.09439510239 2.45436926062
2.09439510239 2.25801971977
2.0005717581 2.35619449019
2.0005717581 2.55254403104
1.91063323625 2.65071880147
1.91063323625 2.45436926062
1.82347658194 2.55254403104
2.0005717581 2.15984494934
1.91063323625 2.25801971977
1.91063323625 2.06167017892
1.82347658194 2.15984494934
1.82347658194 2.35619449019
1.73824440601 2.45436926062
1.73824440601 2.25801971977
1.65422641341 2.35619449019
3.03948623121 3.92699081699
2.93711245462 4.31968989869
2.93711245462 3.53429173529
2.83419760251 3.92699081699
2.83419760251 4.45058959259
2.73045479127 4.51603943954
2.73045479127 4.12334035784
2.62557626623 4.24115008235
2.83419760251 3.40339204139
2.73045479127 3.73064127614
2.73045479127 3.33794219444
2.62557626623 3.61283155163
2.62557626623 3.92699081699
2.51922416503 4.05789051089
2.51922416503 3.79609112309
2.41101890869 3.92699081699
2.62557626623 4.55530934771
2.51922416503 4.58148928649
2.51922416503 4.31968989869
2.41101890869 4.3757897675
2.41101890869 4.60018924276
2.30052398302 4.61421420996
2.30052398302 4.41786466911
2.19362291221 4.51603943954
2.41101890869 4.15139029224
2.30052398302 4.22151512826
2.30052398302 4.02516558741
2.19362291221 4.12334035784
2.19362291221 4.31968989869
2.09439510239 4.41786466911
2.09439510239 4.22151512826
2.0005717581 4.31968989869
2.62557626623 3.29867228627
2.51922416503 3.53429173529
2.51922416503 3.27249234749
2.41101890869 3.47819186647
2.41101890869 3.70259134173
2.30052398302 3.82881604656
2.30052398302 3.63246650571
2.19362291221 3.73064127614
2.41101890869 3.25379239122
2.30052398302 3.43611696486
2.30052398302 3.23976742401
2.19362291221 3.33794219444
2.19362291221 3.53429173529
2.09439510239 3.63246650571
2.09439510239 3.43611696486
2.0005717581 3.53429173529
2.19362291221 3.92699081699
2.09439510239 4.02516558741
2.09439510239 3.82881604656
2.0005717581 3.92699081699
2.0005717581 4.12334035784
1.91063323625 4.22151512826
1.91063323625 4.02516558741
1.82347658194 4.12334035784
2.0005717581 3.73064127614
1.91063323625 3.82881604656
1.91063323625 3.63246650571
1.82347658194 3.73064127614
1.82347658194 3.92699081699
1.73824440601 4.02516558741
1.73824440601 3.82881604656
1.65422641341 3.92699081699
3.03948623121 5.49778714378
2.93711245462 5.89048622548
2.93711245462 5.10508806208
2.83419760251 5.49778714378
2.83419760251 6.02138591938
2.73045479127 6.08683576633
2.73045479127 5.69413668463
2.62557626623 5.81194640914
2.83419760251 4.97418836818
2.73045479127 5.30143760293
2.73045479127 4.90873852123
2.62557626623 5.18362787842
2.62557626623 5.49778714378
2.51922416503 5.62868683768
2.51922416503 5.36688744988
2.41101890869 5.49778714378
2.62557626623 6.1261056745
2.51922416503 6.15228561328
2.51922416503 5.89048622548
2.41101890869 5.94658609429
2.41101890869 6.17098556955
2.30052398302 6.18501053675
2.30052398302 5.98866099591
2.19362291221 6.08683576633
2.41101890869 5.72218661904
2.30052398302 5.79231145506
2.30052398302 5.59596191421
2.19362291221 5.69413668463
2.19362291221 5.89048622548
2.09439510239 5.98866099591
2.09439510239 5.79231145506
2.0005717581 5.89048622548
2.62557626623 4.86946861306
2.51922416503 5.10508806208
2.51922416503 4.84328867428
2.41101890869 5.04898819327
2.41101890869 5.27338766853
2.30052398302 5.39961237336
2.30052398302 5.20326283251
2.19362291221 5.30143760293
2.41101890869 4.82458871801
2.30052398302 5.00691329166
2.30052398302 4.81056375081
2.19362291221 4.90873852123
2.19362291221 5.10508806208
2.09439510239 5.20326283251
2.09439510239 5.00691329166
2.0005717581 5.10508806208
2.19362291221 5.49778714378
2.09439510239 5.59596191421
2.09439510239 5.39961237336
2.0005717581 5.49778714378
2.0005717581 5.69413668463
1.91063323625 5.79231145506
1.91063323625 5.59596191421
1.82347658194 5.69413668463
2.0005717581 5.30143760293
1.91063323625 5.39961237336
1.91063323625 5.20326283251
1.82347658194 5.30143760293
1.82347658194 5.49778714378
1.73824440601 5.59596191421
1.73824440601 5.39961237336
1.65422641341 5.49778714378
