-0.94593804 0.21720967 -1.28103498
-0.92135275 0.07872409 -1.46803127
-0.92135275 0.07872409 1.46803127
-0.94593804 0.21720967 1.28103498
-0.00100808 -1.21050521 0.65768041
0.18895498 -1.19733356 0.19007291
-1.18196177 0.04902158 -1.45175986
-1.18196177 0.04902158 1.45175986
0.18895498 -1.19733356 -0.19007291
-0.00100808 -1.21050521 -0.65768041
-0.00205524 -1.44142749 0.65554950
-0.00001334 -1.44210509 0.39176961
0.06725414 -1.44051830 0.06135398
0.06725414 -1.44051830 -0.06135398
-0.00001334 -1.44210509 -0.39176961
-0.00205524 -1.44142749 -0.65554950
-0.00205524 1.44142749 0.65554950
-0.00001334 1.44210509 0.39176961
0.06725414 1.44051830 0.06135398
0.06725414 1.44051830 -0.06135398
-0.00001334 1.44210509 -0.39176961
-0.00205524 1.44142749 -0.65554950
-0.00100808 1.21050521 0.65768041
0.18895498 1.19733356 0.19007291
-1.18196177 -0.04902158 -1.45175986
-1.18196177 -0.04902158 1.45175986
0.18895498 1.19733356 -0.19007291
-0.00100808 1.21050521 -0.65768041
-0.94593804 -0.21720967 -1.28103498
-0.92135275 -0.07872409 -1.46803127
-0.92135275 -0.07872409 1.46803127
-0.94593804 -0.21720967 1.28103498
-0.94593804 0.21720967 -1.28103498
-0.92135275 0.07872409 -1.46803127
-0.92135275 0.07872409 1.46803127
-0.94593804 0.21720967 1.28103498
-0.00100808 -1.21050521 0.65768041
0.18895498 -1.19733356 0.19007291
-1.18196177 0.04902158 -1.45175986
-1.18196177 0.04902158 1.45175986
0.18895498 -1.19733356 -0.19007291
-0.00100808 -1.21050521 -0.65768041
-0.00205524 -1.44142749 0.65554950
-0.00001334 -1.44210509 0.39176961
0.06725414 -1.44051830 0.06135398
0.06725414 -1.44051830 -0.06135398
-0.00001334 -1.44210509 -0.39176961
-0.00205524 -1.44142749 -0.65554950
-0.00205524 1.44142749 0.65554950
-0.00001334 1.44210509 0.39176961
0.06725414 1.44051830 0.06135398
0.06725414 1.44051830 -0.06135398
-0.00001334 1.44210509 -0.39176961
-0.00205524 1.44142749 -0.65554950
-0.00100808 1.21050521 0.65768041
0.18895498 1.19733356 0.19007291
-1.18196177 -0.04902158 -1.45175986
-1.18196177 -0.04902158 1.45175986
0.18895498 1.19733356 -0.19007291
-0.00100808 1.21050521 -0.65768041
-0.94593804 -0.21720967 -1.28103498
-0.92135275 -0.07872409 -1.46803127
-0.92135275 -0.07872409 1.46803127
-0.94593804 -0.21720967 1.28103498
-0.94593804 0.21720967 0.28976135
-0.92135275 0.07872409 0.10276505
-0.92135275 0.07872409 -0.10276505
-0.94593804 0.21720967 -0.28976135
-0.00100808 -1.21050521 -0.91311592
0.18895498 -1.19733356 -1.38072342
-1.18196177 0.04902158 0.11903647
-1.18196177 0.04902158 -0.11903647
0.18895498 -1.19733356 1.38072342
-0.00100808 -1.21050521 0.91311592
-0.00205524 -1.44142749 -0.91524682
-0.00001334 -1.44210509 -1.17902672
0.06725414 -1.44051830 -1.50944235
0.06725414 -1.44051830 1.50944235
-0.00001334 -1.44210509 1.17902672
-0.00205524 -1.44142749 0.91524682
-0.00205524 1.44142749 -0.91524682
-0.00001334 1.44210509 -1.17902672
0.06725414 1.44051830 -1.50944235
0.06725414 1.44051830 1.50944235
-0.00001334 1.44210509 1.17902672
-0.00205524 1.44142749 0.91524682
-0.00100808 1.21050521 -0.91311592
0.18895498 1.19733356 -1.38072342
-1.18196177 -0.04902158 0.11903647
-1.18196177 -0.04902158 -0.11903647
0.18895498 1.19733356 1.38072342
-0.00100808 1.21050521 0.91311592
-0.94593804 -0.21720967 0.28976135
-0.92135275 -0.07872409 0.10276505
-0.92135275 -0.07872409 -0.10276505
-0.94593804 -0.21720967 -0.28976135
-0.94593804 0.21720967 0.28976135
-0.92135275 0.07872409 0.10276505
-0.92135275 0.07872409 -0.10276505
-0.94593804 0.21720967 -0.28976135
-0.00100808 -1.21050521 -0.91311592
0.18895498 -1.19733356 -1.38072342
-1.18196177 0.04902158 0.11903647
-1.18196177 0.04902158 -0.11903647
0.18895498 -1.19733356 1.38072342
-0.00100808 -1.21050521 0.91311592
-0.00205524 -1.44142749 -0.91524682
-0.00001334 -1.44210509 -1.17902672
0.06725414 -1.44051830 -1.50944235
0.06725414 -1.44051830 1.50944235
-0.00001334 -1.44210509 1.17902672
-0.00205524 -1.44142749 0.91524682
-0.00205524 1.44142749 -0.91524682
-0.00001334 1.44210509 -1.17902672
0.06725414 1.44051830 -1.50944235
0.06725414 1.44051830 1.50944235
-0.00001334 1.44210509 1.17902672
-0.00205524 1.44142749 0.91524682
-0.00100808 1.21050521 -0.91311592
0.18895498 1.19733356 -1.38072342
-1.18196177 -0.04902158 0.11903647
-1.18196177 -0.04902158 -0.11903647
0.18895498 1.19733356 1.38072342
-0.00100808 1.21050521 0.91311592
-0.94593804 -0.21720967 0.28976135
-0.92135275 -0.07872409 0.10276505
-0.92135275 -0.07872409 -0.10276505
-0.94593804 -0.21720967 -0.28976135
0.68902373 -0.28276277 -1.34445086
0.65755370 -0.10244566 -1.49165645
0.65755370 -0.10244566 1.49165645
0.68902373 -0.28276277 1.34445086
0.68902373 -0.28276277 -0.22634547
0.39272614 -0.36641537 -0.07389803
0.39469522 -0.11889279 -1.52142594
0.39469522 -0.11889279 1.52142594
0.39272614 -0.36641537 0.07389803
0.68902373 -0.28276277 0.22634547
0.65755370 -0.10244566 -0.07913988
0.39469522 -0.11889279 -0.04937039
0.12913116 -0.13003150 -0.00803339
0.12913116 -0.13003150 0.00803339
0.39469522 -0.11889279 0.04937039
0.65755370 -0.10244566 0.07913988
0.65755370 -0.10244566 0.07913988
0.39469522 -0.11889279 0.04937039
0.12913116 -0.13003150 0.00803339
0.12913116 -0.13003150 -0.00803339
0.39469522 -0.11889279 -0.04937039
0.65755370 -0.10244566 -0.07913988
0.68902373 -0.28276277 0.22634547
0.39272614 -0.36641537 0.07389803
0.39469522 -0.11889279 1.52142594
0.39469522 -0.11889279 -1.52142594
0.39272614 -0.36641537 -0.07389803
0.68902373 -0.28276277 -0.22634547
0.68902373 -0.28276277 1.34445086
0.65755370 -0.10244566 1.49165645
0.65755370 -0.10244566 -1.49165645
0.68902373 -0.28276277 -1.34445086
0.68902373 0.28276277 1.34445086
0.65755370 0.10244566 1.49165645
0.65755370 0.10244566 -1.49165645
0.68902373 0.28276277 -1.34445086
0.68902373 0.28276277 0.22634547
0.39272614 0.36641537 0.07389803
0.39469522 0.11889279 1.52142594
0.39469522 0.11889279 -1.52142594
0.39272614 0.36641537 -0.07389803
0.68902373 0.28276277 -0.22634547
0.65755370 0.10244566 0.07913988
0.39469522 0.11889279 0.04937039
0.12913116 0.13003150 0.00803339
0.12913116 0.13003150 -0.00803339
0.39469522 0.11889279 -0.04937039
0.65755370 0.10244566 -0.07913988
0.65755370 0.10244566 -0.07913988
0.39469522 0.11889279 -0.04937039
0.12913116 0.13003150 -0.00803339
0.12913116 0.13003150 0.00803339
0.39469522 0.11889279 0.04937039
0.65755370 0.10244566 0.07913988
0.68902373 0.28276277 -0.22634547
0.39272614 0.36641537 -0.07389803
0.39469522 0.11889279 -1.52142594
0.39469522 0.11889279 1.52142594
0.39272614 0.36641537 0.07389803
0.68902373 0.28276277 0.22634547
0.68902373 0.28276277 -1.34445086
0.65755370 0.10244566 -1.49165645
0.65755370 0.10244566 1.49165645
0.68902373 0.28276277 1.34445086
