0.204480198969 0.785398163397
0.204480198969 2.35619449019
0.204480198969 3.92699081699
0.204480198969 5.49778714378
0.411137862322 0.392699081699
0.411137862322 1.1780972451
0.411137862322 1.96349540849
0.411137862322 2.74889357189
0.411137862322 3.53429173529
0.411137862322 4.31968989869
0.411137862322 5.10508806208
0.411137862322 5.89048622548
0.622368488555 0.261799387799
0.622368488555 0.785398163397
0.622368488555 1.308996939
0.622368488555 1.83259571459
0.622368488555 2.35619449019
0.622368488555 2.87979326579
0.622368488555 3.40339204139
0.622368488555 3.92699081699
0.622368488555 4.45058959259
0.622368488555 4.97418836818
0.622368488555 5.49778714378
0.622368488555 6.02138591938
0.841068670568 0.196349540849
0.841068670568 0.589048622548
0.841068670568 0.981747704247
0.841068670568 1.37444678595
0.841068670568 1.76714586764
0.841068670568 2.15984494934
0.841068670568 2.55254403104
0.841068670568 2.94524311274
0.841068670568 3.33794219444
0.841068670568 3.73064127614
0.841068670568 4.12334035784
0.841068670568 4.51603943954
0.841068670568 4.90873852123
0.841068670568 5.30143760293
0.841068670568 5.69413668463
0.841068670568 6.08683576633
1.0471975512 0.0
1.0471975512 0.392699081699
1.0471975512 0.785398163397
1.0471975512 1.1780972451
1.0471975512 1.57079632679
1.0471975512 1.96349540849
1.0471975512 2.35619449019
1.0471975512 2.74889357189
1.0471975512 3.14159265359
1.0471975512 3.53429173529
1.0471975512 3.92699081699
1.0471975512 4.31968989869
1.0471975512 4.71238898038
1.0471975512 5.10508806208
1.0471975512 5.49778714378
1.0471975512 5.89048622548
1.23095941734 0.196349540849
1.23095941734 0.589048622548
1.23095941734 0.981747704247
1.23095941734 1.37444678595
1.23095941734 1.76714586764
1.23095941734 2.15984494934
1.23095941734 2.55254403104
1.23095941734 2.94524311274
1.23095941734 3.33794219444
1.23095941734 3.73064127614
1.23095941734 4.12334035784
1.23095941734 4.51603943954
1.23095941734 4.90873852123
1.23095941734 5.30143760293
1.23095941734 5.69413668463
1.23095941734 6.08683576633
1.40334824758 0.0
1.40334824758 0.392699081699
1.40334824758 0.785398163397
1.40334824758 1.1780972451
1.40334824758 1.57079632679
1.40334824758 1.96349540849
1.40334824758 2.35619449019
1.40334824758 2.74889357189
1.40334824758 3.14159265359
1.40334824758 3.53429173529
1.40334824758 3.92699081699
1.40334824758 4.31968989869
1.40334824758 4.71238898038
1.40334824758 5.10508806208
1.40334824758 5.49778714378
1.40334824758 5.89048622548
1.57079632679 0.196349540849
1.57079632679 0.589048622548
1.57079632679 0.981747704247
1.57079632679 1.37444678595
1.57079632679 1.76714586764
1.57079632679 2.15984494934
1.57079632679 2.55254403104
1.57079632679 2.94524311274
1.57079632679 3.33794219444
1.57079632679 3.73064127614
1.57079632679 4.12334035784
1.57079632679 4.51603943954
1.57079632679 4.90873852123
1.57079632679 5.30143760293
1.57079632679 5.69413668463
1.57079632679 6.08683576633
1.73824440601 0.0
1.73824440601 0.392699081699
1.73824440601 0.785398163397
1.73824440601 1.1780972451
1.73824440601 1.57079632679
1.73824440601 1.96349540849
1.73824440601 2.35619449019
1.73824440601 2.74889357189
1.73824440601 3.14159265359
1.73824440601 3.53429173529
1.73824440601 3.92699081699
1.73824440601 4.31968989869
1.73824440601 4.71238898038
1.73824440601 5.10508806208
1.73824440601 5.49778714378
1.73824440601 5.89048622548
1.91063323625 0.196349540849
1.91063323625 0.589048622548
1.91063323625 0.981747704247
1.91063323625 1.37444678595
1.91063323625 1.76714586764
1.91063323625 2.15984494934
1.91063323625 2.55254403104
1.91063323625 2.94524311274
1.91063323625 3.33794219444
1.91063323625 3.73064127614
1.91063323625 4.12334035784
1.91063323625 4.51603943954
1.91063323625 4.90873852123
1.91063323625 5.30143760293
1.91063323625 5.69413668463
1.91063323625 6.08683576633
2.09439510239 0.0
2.09439510239 0.392699081699
2.09439510239 0.785398163397
2.09439510239 1.1780972451
2.09439510239 1.57079632679
2.09439510239 1.96349540849
2.09439510239 2.35619449019
2.09439510239 2.74889357189
2.09439510239 3.14159265359
2.09439510239 3.53429173529
2.09439510239 3.92699081699
2.09439510239 4.31968989869
2.09439510239 4.71238898038
2.09439510239 5.10508806208
2.09439510239 5.49778714378
2.09439510239 5.89048622548
2.30052398302 0.196349540849
2.30052398302 0.589048622548
2.30052398302 0.981747704247
2.30052398302 1.37444678595
2.30052398302 1.76714586764
2.30052398302 2.15984494934
2.30052398302 2.55254403104
2.30052398302 2.94524311274
2.30052398302 3.33794219444
2.30052398302 3.73064127614
2.30052398302 4.12334035784
2.30052398302 4.51603943954
2.30052398302 4.90873852123
2.30052398302 5.30143760293
2.30052398302 5.69413668463
2.30052398302 6.08683576633
2.51922416503 0.261799387799
2.51922416503 0.785398163397
2.51922416503 1.308996939
2.51922416503 1.83259571459
2.51922416503 2.35619449019
2.51922416503 2.87979326579
2.51922416503 3.40339204139
2.51922416503 3.92699081699
2.51922416503 4.45058959259
2.51922416503 4.97418836818
2.51922416503 5.49778714378
2.51922416503 6.02138591938
2.73045479127 0.392699081699
2.73045479127 1.1780972451
2.73045479127 1.96349540849
2.73045479127 2.74889357189
2.73045479127 3.53429173529
2.73045479127 4.31968989869
2.73045479127 5.10508806208
2.73045479127 5.89048622548
2.93711245462 0.785398163397
2.93711245462 2.35619449019
2.93711245462 3.92699081699
2.93711245462 5.49778714378
